PROPGEOM
P4119
DTRC Propeller P4119
0.304 0.061 3 0.5
15    27
0.200 0.320000 1.105000 0.000000 0.000 0.205500 0.014290
0.250 0.342000 1.103700 0.000000 0.000 0.178700 0.019850
0.300 0.363500 1.102200 0.000000 0.000 0.155300 0.023180
0.400 0.404800 1.098300 0.000000 0.000 0.118000 0.023030
0.500 0.439200 1.093200 0.000000 0.000 0.090160 0.021820
0.600 0.461000 1.087900 0.000000 0.000 0.069600 0.020720
0.700 0.462200 1.083900 0.000000 0.000 0.054180 0.020030
0.800 0.434700 1.081100 0.000000 0.000 0.042060 0.019670
0.900 0.361300 1.078500 0.000000 0.000 0.033210 0.018170
0.925 0.326210 1.077790 0.000000 0.000 0.032520 0.017440
0.950 0.277500 1.077000 0.000000 0.000 0.032280 0.016310
0.975 0.204490 1.076090 0.000000 0.000 0.032110 0.014500
0.990 0.132760 1.075460 0.000000 0.000 0.031870 0.012980
0.995 0.094790 1.075230 0.000000 0.000 0.031750 0.012390
1.000 0.000000 1.075000 0.000000 0.000 0.031600 0.011750
0.000000  0.000000  0.000000
0.005000  0.014270 -0.013061
0.007500  0.017537 -0.015836
0.012500  0.022750 -0.020158
0.025000  0.032454 -0.027922
0.050000  0.046332 -0.038581
0.075000  0.057115 -0.046663
0.100000  0.066144 -0.053334
0.150000  0.080743 -0.063970
0.200000  0.092193 -0.072207
0.250000  0.100956 -0.078363
0.300000  0.107630 -0.082951
0.350000  0.112447 -0.086148
0.400000  0.115503 -0.088024
0.450000  0.116870 -0.088630
0.500000  0.116259 -0.087679
0.550000  0.113834 -0.085337
0.600000  0.109603 -0.081635
0.650000  0.103552 -0.076589
0.700000  0.095626 -0.070213
0.750000  0.085832 -0.062622
0.800000  0.073952 -0.053869
0.850000  0.059785 -0.044280
0.900000  0.043697 -0.033448
0.950000  0.025937 -0.021041
0.975000  0.016547 -0.014195
1.000000  0.006843 -0.006843
0.000000  0.000000  0.000000
0.005000  0.012723 -0.011044
0.007500  0.015692 -0.013329
0.012500  0.020457 -0.016856
0.025000  0.029399 -0.023103
0.050000  0.042303 -0.031536
0.075000  0.052381 -0.037863
0.100000  0.060845 -0.043051
0.150000  0.074570 -0.051270
0.200000  0.085361 -0.057599
0.250000  0.093658 -0.062275
0.300000  0.100004 -0.065723
0.350000  0.104614 -0.068082
0.400000  0.107578 -0.069406
0.450000  0.108964 -0.069736
0.500000  0.108521 -0.068821
0.550000  0.106390 -0.066806
0.600000  0.102574 -0.063724
0.650000  0.097051 -0.059598
0.700000  0.089756 -0.054455
0.750000  0.080667 -0.048426
0.800000  0.069524 -0.041627
0.850000  0.056015 -0.034478
0.900000  0.040660 -0.026424
0.950000  0.023826 -0.017025
0.975000  0.015000 -0.011733
1.000000  0.005951 -0.005951
0.000000  0.000000  0.000000
0.005000  0.011308 -0.009347
0.007500  0.013990 -0.011231
0.012500  0.018316 -0.014111
0.025000  0.026443 -0.019091
0.050000  0.038371 -0.025799
0.075000  0.047690 -0.030736
0.100000  0.055535 -0.034756
0.150000  0.068285 -0.041077
0.200000  0.078330 -0.045910
0.250000  0.086081 -0.049434
0.300000  0.092029 -0.051997
0.350000  0.096371 -0.053711
0.400000  0.099192 -0.054617
0.450000  0.100554 -0.054746
0.500000  0.100240 -0.053880
0.550000  0.098371 -0.052146
0.600000  0.094945 -0.049577
0.650000  0.089936 -0.046200
0.700000  0.083275 -0.042052
0.750000  0.074919 -0.037270
0.800000  0.064587 -0.032010
0.850000  0.051897 -0.026747
0.900000  0.037462 -0.020837
0.950000  0.021722 -0.013780
0.975000  0.013524 -0.009709
1.000000  0.005171 -0.005171
0.000000  0.000000  0.000000
0.005000  0.008821 -0.006873
0.007500  0.010952 -0.008211
0.012500  0.014408 -0.010230
0.025000  0.020987 -0.013682
0.050000  0.030625 -0.018133
0.075000  0.038217 -0.021373
0.100000  0.044625 -0.023981
0.150000  0.055064 -0.028031
0.200000  0.063305 -0.031095
0.250000  0.069689 -0.033278
0.300000  0.074603 -0.034830
0.350000  0.078210 -0.035825
0.400000  0.080577 -0.036290
0.450000  0.081756 -0.036244
0.500000  0.081582 -0.035522
0.550000  0.080146 -0.034220
0.600000  0.077443 -0.032368
0.650000  0.073446 -0.029993
0.700000  0.068091 -0.027135
0.750000  0.061324 -0.023919
0.800000  0.052881 -0.020515
0.850000  0.042371 -0.017384
0.900000  0.030407 -0.013890
0.950000  0.017432 -0.009542
0.975000  0.010722 -0.006931
1.000000  0.003929 -0.003929
0.000000  0.000000  0.000000
0.005000  0.006919 -0.005073
0.007500  0.008619 -0.006023
0.012500  0.011392 -0.007434
0.025000  0.016705 -0.009784
0.050000  0.024545 -0.012709
0.075000  0.030745 -0.014786
0.100000  0.035989 -0.016430
0.150000  0.044551 -0.018939
0.200000  0.051323 -0.020805
0.250000  0.056586 -0.022088
0.300000  0.060649 -0.022966
0.350000  0.063644 -0.023487
0.400000  0.065627 -0.023667
0.450000  0.066640 -0.023520
0.500000  0.066557 -0.022917
0.550000  0.065448 -0.021935
0.600000  0.063305 -0.020598
0.650000  0.060102 -0.018932
0.700000  0.055782 -0.016977
0.750000  0.050286 -0.014846
0.800000  0.043373 -0.012707
0.850000  0.034666 -0.010991
0.900000  0.024748 -0.009098
0.950000  0.014043 -0.006568
0.975000  0.008540 -0.004948
1.000000  0.003002 -0.003002
0.000000  0.000000  0.000000
0.005000  0.005505 -0.003752
0.007500  0.006884 -0.004419
0.012500  0.009146 -0.005387
0.025000  0.013510 -0.006938
0.050000  0.019999 -0.008760
0.075000  0.025151 -0.009997
0.100000  0.029519 -0.010946
0.150000  0.036667 -0.012346
0.200000  0.042329 -0.013351
0.250000  0.046746 -0.013987
0.300000  0.050165 -0.014382
0.350000  0.052697 -0.014564
0.400000  0.054388 -0.014544
0.450000  0.055273 -0.014327
0.500000  0.055256 -0.013816
0.550000  0.054388 -0.013068
0.600000  0.052661 -0.012108
0.650000  0.050053 -0.010958
0.700000  0.046508 -0.009659
0.750000  0.041966 -0.008313
0.800000  0.036206 -0.007086
0.850000  0.028863 -0.006382
0.900000  0.020494 -0.005634
0.950000  0.011505 -0.004406
0.975000  0.006911 -0.003501
1.000000  0.002318 -0.002318
0.000000  0.000000  0.000000
0.005000  0.004450 -0.002756
0.007500  0.005591 -0.003208
0.012500  0.007473 -0.003840
0.025000  0.011136 -0.004782
0.050000  0.016626 -0.005761
0.075000  0.021005 -0.006355
0.100000  0.024728 -0.006773
0.150000  0.030832 -0.007321
0.200000  0.035679 -0.007665
0.250000  0.039472 -0.007805
0.300000  0.042419 -0.007827
0.350000  0.044611 -0.007748
0.400000  0.046089 -0.007571
0.450000  0.046882 -0.007298
0.500000  0.046914 -0.006854
0.550000  0.046228 -0.006284
0.600000  0.044811 -0.005609
0.650000  0.042643 -0.004851
0.700000  0.039672 -0.004051
0.750000  0.035836 -0.003303
0.800000  0.030925 -0.002775
0.850000  0.024585 -0.002852
0.900000  0.017352 -0.002987
0.950000  0.009624 -0.002762
0.975000  0.005701 -0.002404
1.000000  0.001804 -0.001804
0.000000  0.000000  0.000000
0.005000  0.003629 -0.001965
0.007500  0.004586 -0.002245
0.012500  0.006175 -0.002607
0.025000  0.009298 -0.003059
0.050000  0.014024 -0.003355
0.075000  0.017813 -0.003427
0.100000  0.021043 -0.003411
0.150000  0.026354 -0.003265
0.200000  0.030579 -0.003069
0.250000  0.033900 -0.002802
0.300000  0.036488 -0.002518
0.350000  0.038424 -0.002223
0.400000  0.039741 -0.001915
0.450000  0.040466 -0.001594
0.500000  0.040540 -0.001200
0.550000  0.039995 -0.000769
0.600000  0.038820 -0.000321
0.650000  0.036992  0.000122
0.700000  0.034462  0.000519
0.750000  0.031166  0.000782
0.800000  0.026903  0.000741
0.850000  0.021321  0.000021
0.900000  0.014948 -0.000841
0.950000  0.008177 -0.001438
0.975000  0.004765 -0.001527
1.000000  0.001401 -0.001401
0.000000  0.000000  0.000000
0.005000  0.002977 -0.001440
0.007500  0.003778 -0.001616
0.012500  0.005115 -0.001819
0.025000  0.007760 -0.001997
0.050000  0.011789 -0.001933
0.075000  0.015030 -0.001741
0.100000  0.017798 -0.001510
0.150000  0.022357 -0.001029
0.200000  0.025990 -0.000578
0.250000  0.028853 -0.000126
0.300000  0.031089  0.000290
0.350000  0.032767  0.000673
0.400000  0.033916  0.001025
0.450000  0.034559  0.001349
0.500000  0.034649  0.001691
0.550000  0.034211  0.002024
0.600000  0.033234  0.002329
0.650000  0.031698  0.002586
0.700000  0.029557  0.002757
0.750000  0.026751  0.002760
0.800000  0.023096  0.002440
0.850000  0.018266  0.001448
0.900000  0.012749  0.000282
0.950000  0.006908 -0.000683
0.975000  0.003979 -0.000989
1.000000  0.001106 -0.001106
0.000000  0.000000  0.000000
0.005000  0.002900 -0.001425
0.007500  0.003678 -0.001603
0.012500  0.004977 -0.001813
0.025000  0.007543 -0.002011
0.050000  0.011448 -0.001989
0.075000  0.014589 -0.001833
0.100000  0.017270 -0.001637
0.150000  0.021686 -0.001215
0.200000  0.025204 -0.000812
0.250000  0.027975 -0.000402
0.300000  0.030139 -0.000020
0.350000  0.031762  0.000335
0.400000  0.032872  0.000665
0.450000  0.033492  0.000972
0.500000  0.033576  0.001304
0.550000  0.033149  0.001630
0.600000  0.032198  0.001935
0.650000  0.030706  0.002199
0.700000  0.028629  0.002386
0.750000  0.025909  0.002417
0.800000  0.022369  0.002141
0.850000  0.017695  0.001227
0.900000  0.012358  0.000150
0.950000  0.006705 -0.000730
0.975000  0.003868 -0.000997
1.000000  0.001083 -0.001083
0.000000  0.000000  0.000000
0.005000  0.002837 -0.001457
0.007500  0.003592 -0.001651
0.012500  0.004849 -0.001891
0.025000  0.007329 -0.002155
0.050000  0.011092 -0.002246
0.075000  0.014115 -0.002186
0.100000  0.016694 -0.002074
0.150000  0.020938 -0.001793
0.200000  0.024318 -0.001506
0.250000  0.026977 -0.001191
0.300000  0.029052 -0.000885
0.350000  0.030606 -0.000589
0.400000  0.031667 -0.000303
0.450000  0.032256 -0.000024
0.500000  0.032327  0.000293
0.550000  0.031906  0.000620
0.600000  0.030981  0.000941
0.650000  0.029535  0.001239
0.700000  0.027528  0.001478
0.750000  0.024905  0.001586
0.800000  0.021500  0.001422
0.850000  0.017021  0.000675
0.900000  0.011908 -0.000210
0.950000  0.006484 -0.000896
0.975000  0.003757 -0.001072
1.000000  0.001075 -0.001075
0.000000  0.000000  0.000000
0.005000  0.002749 -0.001522
0.007500  0.003470 -0.001745
0.012500  0.004667 -0.002037
0.025000  0.007017 -0.002417
0.050000  0.010566 -0.002702
0.075000  0.013410 -0.002805
0.100000  0.015833 -0.002835
0.150000  0.019816 -0.002796
0.200000  0.022984 -0.002704
0.250000  0.025472 -0.002547
0.300000  0.027410 -0.002369
0.350000  0.028858 -0.002173
0.400000  0.029843 -0.001959
0.450000  0.030382 -0.001728
0.500000  0.030433 -0.001433
0.550000  0.030018 -0.001103
0.600000  0.029130 -0.000751
0.650000  0.027753 -0.000395
0.700000  0.025850 -0.000063
0.750000  0.023374  0.000177
0.800000  0.020175  0.000203
0.850000  0.015997 -0.000264
0.900000  0.011227 -0.000827
0.950000  0.006154 -0.001186
0.975000  0.003595 -0.001208
1.000000  0.001069 -0.001069
0.000000  0.000000  0.000000
0.005000  0.002668 -0.001570
0.007500  0.003360 -0.001816
0.012500  0.004505 -0.002150
0.025000  0.006740 -0.002623
0.050000  0.010105 -0.003064
0.075000  0.012794 -0.003300
0.100000  0.015082 -0.003447
0.150000  0.018839 -0.003603
0.200000  0.021825 -0.003671
0.250000  0.024166 -0.003644
0.300000  0.025986 -0.003570
0.350000  0.027344 -0.003455
0.400000  0.028262 -0.003302
0.450000  0.028761 -0.003109
0.500000  0.028794 -0.002834
0.550000  0.028387 -0.002502
0.600000  0.027531 -0.002127
0.650000  0.026214 -0.001723
0.700000  0.024401 -0.001318
0.750000  0.022053 -0.000970
0.800000  0.019033 -0.000791
0.850000  0.015111 -0.001028
0.900000  0.010637 -0.001327
0.950000  0.005866 -0.001419
0.975000  0.003452 -0.001316
1.000000  0.001061 -0.001061
0.000000  0.000000  0.000000
0.005000  0.002635 -0.001587
0.007500  0.003315 -0.001841
0.012500  0.004438 -0.002191
0.025000  0.006629 -0.002699
0.050000  0.009920 -0.003199
0.075000  0.012548 -0.003486
0.100000  0.014783 -0.003677
0.150000  0.018451 -0.003907
0.200000  0.021364 -0.004036
0.250000  0.023647 -0.004058
0.300000  0.025421 -0.004024
0.350000  0.026743 -0.003940
0.400000  0.027636 -0.003810
0.450000  0.028118 -0.003632
0.500000  0.028144 -0.003364
0.550000  0.027740 -0.003032
0.600000  0.026898 -0.002648
0.650000  0.025605 -0.002227
0.700000  0.023828 -0.001794
0.750000  0.021530 -0.001406
0.800000  0.018581 -0.001168
0.850000  0.014761 -0.001318
0.900000  0.010403 -0.001516
0.950000  0.005751 -0.001507
0.975000  0.003395 -0.001355
1.000000  0.001057 -0.001057
0.000000  0.000000  0.000000
0.005000  0.002598 -0.001604
0.007500  0.003265 -0.001867
0.012500  0.004365 -0.002233
0.025000  0.006506 -0.002778
0.050000  0.009715 -0.003342
0.075000  0.012276 -0.003682
0.100000  0.014452 -0.003920
0.150000  0.018022 -0.004230
0.200000  0.020857 -0.004423
0.250000  0.023075 -0.004499
0.300000  0.024799 -0.004507
0.350000  0.026081 -0.004457
0.400000  0.026946 -0.004351
0.450000  0.027410 -0.004190
0.500000  0.027430 -0.003930
0.550000  0.027029 -0.003597
0.600000  0.026202 -0.003205
0.650000  0.024935 -0.002765
0.700000  0.023199 -0.002303
0.750000  0.020956 -0.001872
0.800000  0.018084 -0.001571
0.850000  0.014375 -0.001627
0.900000  0.010145 -0.001718
0.950000  0.005625 -0.001599
0.975000  0.003331 -0.001397
1.000000  0.001052 -0.001052
