TITLE = "PROPAN_70_T0"
VARIABLES="S/C","r/R","POT","CP","CPN"
ZONE T="BLADE r/R= 0.250", I=  80 F=POINT
   0.9963132581371299E+00   0.2500000000000000E+00   0.1591051136573978E-01   0.5313210285758702E+00   0.5880985071494993E+00
   0.9877442235044607E+00   0.2500000000000000E+00   0.1655340108366875E-01   0.4541059680801055E+00   0.5025913427543786E+00
   0.9767987620090234E+00   0.2500000000000000E+00   0.1720168962013744E-01   0.3705037109172952E+00   0.4100173079910078E+00
   0.9635302876859899E+00   0.2500000000000000E+00   0.1784468917383599E-01   0.3060199869128833E+00   0.3386225399413057E+00
   0.9480035347316940E+00   0.2500000000000000E+00   0.1846016930316578E-01   0.2527152941379497E+00   0.2796063123448619E+00
   0.9302942185378316E+00   0.2500000000000000E+00   0.1904267642222262E-01   0.2107833817231728E+00   0.2331840657095979E+00
   0.9104886827728487E+00   0.2500000000000000E+00   0.1959118388093010E-01   0.1764636930293809E+00   0.1951919167129983E+00
   0.8886834556995484E+00   0.2500000000000000E+00   0.2009907443231107E-01   0.1481039084601533E+00   0.1638032758989524E+00
   0.8649848029227440E+00   0.2500000000000000E+00   0.2056921263443715E-01   0.1267791331490514E+00   0.1402128661283211E+00
   0.8395082451264738E+00   0.2500000000000000E+00   0.2101016252377217E-01   0.1114481451105248E+00   0.1232605708970001E+00
   0.8123779835817670E+00   0.2500000000000000E+00   0.2142861756518982E-01   0.9967787854669775E-01   0.1102527544718665E+00
   0.7837264057113552E+00   0.2500000000000000E+00   0.2182538034116242E-01   0.8280767943225741E-01   0.9159103012243255E-01
   0.7536927781336764E+00   0.2500000000000000E+00   0.2215340570604726E-01   0.6050180427100892E-01   0.6690629701382807E-01
   0.7224232971371172E+00   0.2500000000000000E+00   0.2240029491558191E-01   0.3877360813379789E-01   0.4286157824170213E-01
   0.6900701862426599E+00   0.2500000000000000E+00   0.2256343330075176E-01   0.1885660994452985E-01   0.2082461353055528E-01
   0.6567909920661618E+00   0.2500000000000000E+00   0.2264314264033133E-01  -0.2864539693072013E-03  -0.3537206358540074E-03
   0.6227476380677438E+00   0.2500000000000000E+00   0.2263319388997155E-01  -0.1815032324675470E-01  -0.2011454116652065E-01
   0.5881059626103556E+00   0.2500000000000000E+00   0.2253662699211887E-01  -0.3405060639867207E-01  -0.3769753419217126E-01
   0.5530346866285583E+00   0.2500000000000000E+00   0.2235686372981816E-01  -0.4851327669434238E-01  -0.5368642282971038E-01
   0.5177046411461946E+00   0.2500000000000000E+00   0.2209527546969996E-01  -0.6197488218284649E-01  -0.6856458715509318E-01
   0.4822879500126500E+00   0.2500000000000000E+00   0.2175361732450469E-01  -0.7506193739272717E-01  -0.8302502412386634E-01
   0.4469570878416186E+00   0.2500000000000000E+00   0.2133041801955250E-01  -0.8602971243786325E-01  -0.9513865174696566E-01
   0.4118842834131183E+00   0.2500000000000000E+00   0.2083761267866316E-01  -0.9074564941791093E-01  -0.1003310100572034E+00
   0.3772408744532979E+00   0.2500000000000000E+00   0.2030809659278320E-01  -0.9517858791241415E-01  -0.1052094737306087E+00
   0.3431953435098329E+00   0.2500000000000000E+00   0.1973349742620457E-01  -0.1005889741528630E+00  -0.1111710844783342E+00
   0.3099136713239791E+00   0.2500000000000000E+00   0.1911754938858589E-01  -0.1055209778858548E+00  -0.1166032794816876E+00
   0.2775580817113529E+00   0.2500000000000000E+00   0.1846701673153815E-01  -0.1097125090612185E+00  -0.1212185187610671E+00
   0.2462862702820428E+00   0.2500000000000000E+00   0.1778909888451249E-01  -0.1133067052018034E+00  -0.1251745327189188E+00
   0.2162506344469138E+00   0.2500000000000000E+00   0.1708982779672794E-01  -0.1167909772057776E+00  -0.1290098274676192E+00
   0.1875974744811207E+00   0.2500000000000000E+00   0.1637137271946610E-01  -0.1133017341403214E+00  -0.1251320518073362E+00
   0.1604666594876369E+00   0.2500000000000000E+00   0.1566714287532359E-01  -0.1041322431755134E+00  -0.1149673592880377E+00
   0.1349903407228398E+00   0.2500000000000000E+00   0.1499339300335830E-01  -0.9360829879122359E-01  -0.1033033647403326E+00
   0.1112925683244968E+00   0.2500000000000000E+00   0.1435113892787851E-01  -0.7975084763562111E-01  -0.8795098247707632E-01
   0.8948882053057479E-01   0.2500000000000000E+00   0.1374819597206501E-01  -0.5835459028851051E-01  -0.6425669870940785E-01
   0.6968535068234431E-01   0.2500000000000000E+00   0.1319767389971042E-01  -0.2646513293091754E-01  -0.2895062544653400E-01
   0.5197861349283403E-01   0.2500000000000000E+00   0.1271345417861691E-01   0.1468782236015942E-01   0.1660874908885485E-01
   0.3645480579942681E-01   0.2500000000000000E+00   0.1229075925091175E-01   0.7497021660151570E-01   0.8334398727338507E-01
   0.2318964937044028E-01   0.2500000000000000E+00   0.1192977875371551E-01   0.1749582130867199E+00   0.1939705087018682E+00
   0.1224786349830636E-01   0.2500000000000000E+00   0.1162891831860260E-01   0.3269978870391250E+00   0.3621490272572795E+00
   0.3684271466560080E-02   0.2500000000000000E+00   0.1119661174538386E-01   0.9064782899178636E+00   0.1003715324637019E+01
   0.3688321993570054E-02   0.2500000000000000E+00   0.1158875437453866E-01   0.3234591716453225E+00   0.3578701572941384E+00
   0.1225705903810438E-01   0.2500000000000000E+00   0.1263630670407027E-01  -0.3933501754744816E+00  -0.4354077164252507E+00
   0.2320124455985178E-01   0.2500000000000000E+00   0.1359376313697985E-01  -0.5589373677604518E+00  -0.6184378273020552E+00
   0.3646764066557959E-01   0.2500000000000000E+00   0.1470398549046642E-01  -0.6543513874670195E+00  -0.7239005902743582E+00
   0.5199160159716439E-01   0.2500000000000000E+00   0.1597508687927224E-01  -0.7094265296656120E+00  -0.7848098107694640E+00
   0.6969762154076378E-01   0.2500000000000000E+00   0.1741899659818941E-01  -0.7488437682702802E+00  -0.8284178087552275E+00
   0.8949951633554766E-01   0.2500000000000000E+00   0.1903510420849189E-01  -0.7752145758015937E+00  -0.8576078617835596E+00
   0.1113008858069797E+00   0.2500000000000000E+00   0.2080800045529308E-01  -0.7876996567842568E+00  -0.8714601058473259E+00
   0.1349955814289127E+00   0.2500000000000000E+00   0.2271445847773603E-01  -0.7882937375546748E+00  -0.8721667599201931E+00
   0.1604682093509857E+00   0.2500000000000000E+00   0.2473256143889516E-01  -0.7848746264166389E+00  -0.8684374715996496E+00
   0.1875950613060891E+00   0.2500000000000000E+00   0.2686173219419215E-01  -0.7785777308146939E+00  -0.8615266532876058E+00
   0.2162441784487671E+00   0.2500000000000000E+00   0.2907524551656809E-01  -0.7599168910773764E+00  -0.8409294609031053E+00
   0.2462757388189233E+00   0.2500000000000000E+00   0.3132436002619237E-01  -0.7332567671310418E+00  -0.8114750587921781E+00
   0.2775437491553019E+00   0.2500000000000000E+00   0.3359682874952800E-01  -0.7057314647643339E+00  -0.7810577794561848E+00
   0.3098959822774547E+00   0.2500000000000000E+00   0.3587730797369419E-01  -0.6777271141061797E+00  -0.7501021162844259E+00
   0.3431749763010204E+00   0.2500000000000000E+00   0.3815541475165128E-01  -0.6495705687770300E+00  -0.7189710712568449E+00
   0.3772186368084066E+00   0.2500000000000000E+00   0.4041971217519511E-01  -0.6213900724866797E+00  -0.6878070672497097E+00
   0.4118610346698146E+00   0.2500000000000000E+00   0.4266189980095443E-01  -0.5980028079723109E+00  -0.6619374974515159E+00
   0.4469340108021762E+00   0.2500000000000000E+00   0.4490007194815075E-01  -0.5722071651447194E+00  -0.6333960196584021E+00
   0.4822660105129802E+00   0.2500000000000000E+00   0.4710191572427588E-01  -0.5403502818344571E+00  -0.5981407031328289E+00
   0.5176847016446825E+00   0.2500000000000000E+00   0.4924734116074246E-01  -0.5080328587621559E+00  -0.5623676430744713E+00
   0.5530175614864883E+00   0.2500000000000000E+00   0.5133586460412484E-01  -0.4766516962339010E+00  -0.5276247240033892E+00
   0.5880922909518078E+00   0.2500000000000000E+00   0.5336349135467824E-01  -0.4455224476880585E+00  -0.4931576323368839E+00
   0.6227378578121063E+00   0.2500000000000000E+00   0.5532579852379215E-01  -0.4144872498368413E+00  -0.4587917410212176E+00
   0.6567853669236314E+00   0.2500000000000000E+00   0.5721852104454359E-01  -0.3815976873035745E+00  -0.4223719643030982E+00
   0.6900687066886524E+00   0.2500000000000000E+00   0.5902781970253720E-01  -0.3482981474260208E+00  -0.3854979291192397E+00
   0.7224257220154354E+00   0.2500000000000000E+00   0.6075012939905755E-01  -0.3155180127763406E+00  -0.3492006429707451E+00
   0.7536987903826788E+00   0.2500000000000000E+00   0.6238556313862240E-01  -0.2787419635629262E+00  -0.3084814366055519E+00
   0.7837353840850683E+00   0.2500000000000000E+00   0.6391468649835831E-01  -0.2392577051160711E+00  -0.2647654183807470E+00
   0.8123893392578697E+00   0.2500000000000000E+00   0.6533174341375557E-01  -0.1852749249045395E+00  -0.2049850486030411E+00
   0.8395207482910999E+00   0.2500000000000000E+00   0.6657746598590121E-01  -0.1246812449250839E+00  -0.1378828200801281E+00
   0.8649975784197466E+00   0.2500000000000000E+00   0.6763105979194299E-01  -0.6216437362621664E-01  -0.6866101313848602E-01
   0.8886957937843875E+00   0.2500000000000000E+00   0.6848686652181839E-01   0.1513936881696695E-02   0.1835103139263756E-02
   0.9105000160440094E+00   0.2500000000000000E+00   0.6914229219152072E-01   0.6512669858705948E-01   0.7225083435700858E-01
   0.9303041176281702E+00   0.2500000000000000E+00   0.6960590623681594E-01   0.1301323921846139E+00   0.1441971353564467E+00
   0.9480116801547435E+00   0.2500000000000000E+00   0.6988749167651638E-01   0.1961844673760838E+00   0.2172869685527621E+00
   0.9635365052796472E+00   0.2500000000000000E+00   0.7000467139411717E-01   0.2716123882551237E+00   0.3007526293500910E+00
   0.9768030096145187E+00   0.2500000000000000E+00   0.6996197828729268E-01   0.3518967921023907E+00   0.3895921247103085E+00
   0.9877466381732143E+00   0.2500000000000000E+00   0.6978416650612644E-01   0.4469915555287032E+00   0.4948018435720781E+00
   0.9963141156799258E+00   0.2500000000000000E+00   0.6949469870970511E-01   0.5313279135116556E+00   0.5881061234655474E+00
ZONE T="BLADE r/R= 0.500", I=  80 F=POINT
   0.9962377104466761E+00   0.5000000000000000E+00  -0.7769892479858990E-03   0.3247064357045337E+00   0.9595501803816486E+00
   0.9876687219335362E+00   0.5000000000000000E+00  -0.8519275181779088E-04   0.2723996258766216E+00   0.8049728472515962E+00
   0.9767233666458636E+00   0.5000000000000000E+00   0.5984156429079012E-03   0.2181860360463649E+00   0.6447644866263734E+00
   0.9634551155814887E+00   0.5000000000000000E+00   0.1258710734078556E-02   0.1785317621383068E+00   0.5275851577583206E+00
   0.9479287733147671E+00   0.5000000000000000E+00   0.1879578845774075E-02   0.1486835600779562E+00   0.4393967277630100E+00
   0.9302201092310189E+00   0.5000000000000000E+00   0.2460352911285181E-02   0.1276517763080906E+00   0.3772711770283253E+00
   0.9104154718214909E+00   0.5000000000000000E+00   0.3012520363136595E-02   0.1121815549515866E+00   0.3315875783840213E+00
   0.8886115127785714E+00   0.5000000000000000E+00   0.3533885277952921E-02   0.1012943222523496E+00   0.2994529901528950E+00
   0.8649145336455037E+00   0.5000000000000000E+00   0.4040815280806003E-02   0.9562460108135379E-01   0.2827454775959525E+00
   0.8394400364787372E+00   0.5000000000000000E+00   0.4556924114217739E-02   0.9396527914098264E-01   0.2778924345373787E+00
   0.8123121849097624E+00   0.5000000000000000E+00   0.5102352770028512E-02   0.9423707881501926E-01   0.2787447721446749E+00
   0.7836631326227498E+00   0.5000000000000000E+00   0.5685802055617827E-02   0.8746546782640624E-01   0.2587544754943029E+00
   0.7536328576417923E+00   0.5000000000000000E+00   0.6206313218897709E-02   0.7508256592339897E-01   0.2221625872942757E+00
   0.7223675710017412E+00   0.5000000000000000E+00   0.6643465387994319E-02   0.6272198755780793E-01   0.1856333025338369E+00
   0.6900195565010655E+00   0.5000000000000000E+00   0.6990536544009247E-02   0.5189191316437199E-01   0.1536241382514803E+00
   0.6567463168236448E+00   0.5000000000000000E+00   0.7255172438843681E-02   0.4226949542018291E-01   0.1251880019907095E+00
   0.6227098900489302E+00   0.5000000000000000E+00   0.7435290869363589E-02   0.3404439463659816E-01   0.1008809603919421E+00
   0.5880759821968854E+00   0.5000000000000000E+00   0.7541214518570055E-02   0.2770353394692805E-01   0.8214404811054556E-01
   0.5530132087601466E+00   0.5000000000000000E+00   0.7585485817767303E-02   0.2307862566176963E-01   0.6848215125135383E-01
   0.5176922712638555E+00   0.5000000000000000E+00   0.7579354873211281E-02   0.1990883917065513E-01   0.5912192422173012E-01
   0.4822851258477949E+00   0.5000000000000000E+00   0.7532849384280962E-02   0.1793031621912568E-01   0.5328528114123994E-01
   0.4469641436172984E+00   0.5000000000000000E+00   0.7454182237574779E-02   0.1784819161788006E-01   0.5305472205320409E-01
   0.4119012968095552E+00   0.5000000000000000E+00   0.7362490630286753E-02   0.2135173406084243E-01   0.6342391252657538E-01
   0.3772673795711844E+00   0.5000000000000000E+00   0.7295897731435859E-02   0.2583757389598749E-01   0.7669924001979123E-01
   0.3432309878162463E+00   0.5000000000000000E+00   0.7246843674491204E-02   0.3016184259410460E-01   0.8950051618441714E-01
   0.3099578905511488E+00   0.5000000000000000E+00   0.7216966798125251E-02   0.3495002083078044E-01   0.1036741238694791E+00
   0.2776101513083605E+00   0.5000000000000000E+00   0.7209990145321161E-02   0.4030997721542467E-01   0.1195371970903851E+00
   0.2463453509258827E+00   0.5000000000000000E+00   0.7228247785056293E-02   0.4599006874998277E-01   0.1363499243021002E+00
   0.2163158007992354E+00   0.5000000000000000E+00   0.7270639300976130E-02   0.5171031774296916E-01   0.1532824831665252E+00
   0.1876677878342622E+00   0.5000000000000000E+00   0.7331638784124806E-02   0.6019749021890904E-01   0.1783887539233327E+00
   0.1605410410431003E+00   0.5000000000000000E+00   0.7436475149415039E-02   0.7111414947551377E-01   0.2106739400698419E+00
   0.1350677531237439E+00   0.5000000000000000E+00   0.7588588148064531E-02   0.8279519222034749E-01   0.2452174338812556E+00
   0.1113720724352409E+00   0.5000000000000000E+00   0.7781119485084057E-02   0.9558691184674772E-01   0.2830436250903557E+00
   0.8956953367321406E-01   0.5000000000000000E+00   0.8009937740825505E-02   0.1113850359324007E+00   0.3297446375930391E+00
   0.6976648784963661E-01   0.5000000000000000E+00   0.8279206149098908E-02   0.1317011346662380E+00   0.3897937880611099E+00
   0.5205953583166717E-01   0.5000000000000000E+00   0.8592317529848960E-02   0.1554984447276213E+00   0.4601321790416845E+00
   0.3653499779823825E-01   0.5000000000000000E+00   0.8932859028130858E-02   0.1871392958641831E+00   0.5536456544193146E+00
   0.2326866167404020E-01   0.5000000000000000E+00   0.9297085328661223E-02   0.2337094271730993E+00   0.6912655943013717E+00
   0.1232529029129371E-01   0.5000000000000000E+00   0.9675420811032672E-02   0.2935930437980230E+00   0.8682587486659046E+00
   0.3758389194209999E-02   0.5000000000000000E+00   0.9968280020357831E-02   0.7385810213716487E+00   0.2183887536268622E+01
   0.3768812472887751E-02   0.5000000000000000E+00   0.1129979330380517E-01  -0.9588626165976651E-01  -0.2859323960566670E+00
   0.1233744206316378E-01   0.5000000000000000E+00   0.1267212701629058E-01  -0.4126088038256244E+00  -0.1220777634529983E+01
   0.2328367280090985E-01   0.5000000000000000E+00   0.1383865556448449E-01  -0.3895533657944385E+00  -0.1152019939289797E+01
   0.3655252606137392E-01   0.5000000000000000E+00   0.1510202255546456E-01  -0.3824500354931443E+00  -0.1130726201457003E+01
   0.5207924390220949E-01   0.5000000000000000E+00   0.1648160578238838E-01  -0.3756787053280435E+00  -0.1110542620488289E+01
   0.6978799724388780E-01   0.5000000000000000E+00   0.1800395295476909E-01  -0.3730373142417759E+00  -0.1102615546651343E+01
   0.8959237500250843E-01   0.5000000000000000E+00   0.1967520504143007E-01  -0.3713258348973348E+00  -0.1097467235984586E+01
   0.1113957729996652E+00   0.5000000000000000E+00   0.2149464366443680E-01  -0.3691281801427979E+00  -0.1090911055177808E+01
   0.1350918927959290E+00   0.5000000000000000E+00   0.2345197115553532E-01  -0.3658074001805001E+00  -0.1081053437201810E+01
   0.1605652503857035E+00   0.5000000000000000E+00   0.2553660955084100E-01  -0.3639889814902460E+00  -0.1075644887093637E+01
   0.1876916478389022E+00   0.5000000000000000E+00   0.2776204646016517E-01  -0.3631764543912812E+00  -0.1073214581155779E+01
   0.2163389373485194E+00   0.5000000000000000E+00   0.3011197815981894E-01  -0.3587877942756468E+00  -0.1060228356741402E+01
   0.2463676267777555E+00   0.5000000000000000E+00   0.3254705383683129E-01  -0.3524034617115774E+00  -0.1041352988542782E+01
   0.2776314522960208E+00   0.5000000000000000E+00   0.3506163751380897E-01  -0.3461877315530626E+00  -0.1022982743622336E+01
   0.3099781794890655E+00   0.5000000000000000E+00   0.3764182032954783E-01  -0.3399174544559864E+00  -0.1004456346518886E+01
   0.3432503144415953E+00   0.5000000000000000E+00   0.4027868653780296E-01  -0.3334015363174616E+00  -0.9852083781189330E+00
   0.3772858751664998E+00   0.5000000000000000E+00   0.4295719407384122E-01  -0.3262413540555657E+00  -0.9640616815321281E+00
   0.4119191624428697E+00   0.5000000000000000E+00   0.4566250372012956E-01  -0.3202864188445770E+00  -0.9464766311290232E+00
   0.4469816155829757E+00   0.5000000000000000E+00   0.4840435588405612E-01  -0.3123101589558275E+00  -0.9229239308678732E+00
   0.4823024960754645E+00   0.5000000000000000E+00   0.5113702741235471E-01  -0.3004332816018783E+00  -0.8878506152943444E+00
   0.5177098180016917E+00   0.5000000000000000E+00   0.5382822907752466E-01  -0.2870544259053840E+00  -0.8483401262763859E+00
   0.5530311940711240E+00   0.5000000000000000E+00   0.5646434147782410E-01  -0.2727650190768541E+00  -0.8061382646876976E+00
   0.5880946116210573E+00   0.5000000000000000E+00   0.5902827094421838E-01  -0.2573384669465306E+00  -0.7605755974584437E+00
   0.6227292932055365E+00   0.5000000000000000E+00   0.6150393062303797E-01  -0.2409722081571869E+00  -0.7122367001708722E+00
   0.6567665434705082E+00   0.5000000000000000E+00   0.6387884830699467E-01  -0.2230343046906480E+00  -0.6592525915414660E+00
   0.6900405107855125E+00   0.5000000000000000E+00   0.6613312877684926E-01  -0.2041547575487498E+00  -0.6034824466463219E+00
   0.7223890916325714E+00   0.5000000000000000E+00   0.6825958186851530E-01  -0.1855071193307758E+00  -0.5483982375635259E+00
   0.7536547208241154E+00   0.5000000000000000E+00   0.7026223493155302E-01  -0.1644283892309922E+00  -0.4861259300381041E+00
   0.7836849456423119E+00   0.5000000000000000E+00   0.7211711724294848E-01  -0.1411849982679653E+00  -0.4174519647324968E+00
   0.8123335524185473E+00   0.5000000000000000E+00   0.7382117949720267E-01  -0.1048945755234607E+00  -0.3102016446293093E+00
   0.8394604404200261E+00   0.5000000000000000E+00   0.7526231132223203E-01  -0.6235734715526998E-01  -0.1844694272473017E+00
   0.8649335345730289E+00   0.5000000000000000E+00   0.7642058748105263E-01  -0.1947638112835111E-01  -0.5771902433269641E-01
   0.8886287279729982E+00   0.5000000000000000E+00   0.7730304543701713E-01   0.2232937331680193E-01   0.6585131267821454E-01
   0.9104305652677609E+00   0.5000000000000000E+00   0.7792603904706580E-01   0.6209998020555375E-01   0.1833985042921173E+00
   0.9302328448084093E+00   0.5000000000000000E+00   0.7831919090307518E-01   0.1017975283633192E+00   0.3007261819080863E+00
   0.9479390386290983E+00   0.5000000000000000E+00   0.7850253609732184E-01   0.1403564696756582E+00   0.4146825112155475E+00
   0.9634629048856269E+00   0.5000000000000000E+00   0.7851319001230136E-01   0.1829919837440043E+00   0.5406829749319452E+00
   0.9767287312639981E+00   0.5000000000000000E+00   0.7836538120870346E-01   0.2270745459774004E+00   0.6709664381831985E+00
   0.9876719238149646E+00   0.5000000000000000E+00   0.7810085193310073E-01   0.2779809053438758E+00   0.8214310089406304E+00
   0.9962391423869864E+00   0.5000000000000000E+00   0.7775140303622700E-01   0.3247085913358043E+00   0.9595564810512777E+00
ZONE T="BLADE r/R= 0.750", I=  80 F=POINT
   0.9961382177238555E+00   0.7500000000000000E+00  -0.6045679496507224E-02   0.1430769624181553E+00   0.8632114570724528E+00
   0.9875707036654618E+00   0.7500000000000000E+00  -0.5675200175379028E-02   0.1212384721116614E+00   0.7314991609946373E+00
   0.9766272634679338E+00   0.7500000000000000E+00  -0.5308818953423712E-02   0.9908129646057240E-01   0.5978690584128026E+00
   0.9633613676607394E+00   0.7500000000000000E+00  -0.4957672590020493E-02   0.8318415871016881E-01   0.5019952700890276E+00
   0.9478377984414811E+00   0.7500000000000000E+00  -0.4630412394917701E-02   0.7159678694284945E-01   0.4321138995638777E+00
   0.9301323454293740E+00   0.7500000000000000E+00  -0.4326656503080789E-02   0.6462554711990455E-01   0.3900885806937547E+00
   0.9103313567290283E+00   0.7500000000000000E+00  -0.4027601241323416E-02   0.6066556125089505E-01   0.3662345566285474E+00
   0.8885315011560269E+00   0.7500000000000000E+00  -0.3728884029111475E-02   0.5948078321248711E-01   0.3591327859885701E+00
   0.8648390752314700E+00   0.7500000000000000E+00  -0.3404576695277507E-02   0.6166728510526634E-01   0.3723870184522591E+00
   0.8393695830931859E+00   0.7500000000000000E+00  -0.3021960830625654E-02   0.6629225518359054E-01   0.4003672293429821E+00
   0.8122471808899733E+00   0.7500000000000000E+00  -0.2553647966788612E-02   0.7176100430039097E-01   0.4334393909193631E+00
   0.7836039740642076E+00   0.7500000000000000E+00  -0.1986066226323704E-02   0.7044050055792456E-01   0.4254851052383831E+00
   0.7535800479967617E+00   0.7500000000000000E+00  -0.1444416957589400E-02   0.6375578773499192E-01   0.3851172357819747E+00
   0.7223215590311065E+00   0.7500000000000000E+00  -0.9544406673815381E-03   0.5633620896717433E-01   0.3403045311457929E+00
   0.6899807883311698E+00   0.7500000000000000E+00  -0.5315803490397080E-03   0.4967185637638537E-01   0.3000524678313608E+00
   0.6567151913860735E+00   0.7500000000000000E+00  -0.1666177365863814E-03   0.4389300622838240E-01   0.2651502730355021E+00
   0.6226867721057135E+00   0.7500000000000000E+00   0.1387751847373111E-03   0.3896361108375656E-01   0.2353787091452274E+00
   0.5880611909033535E+00   0.7500000000000000E+00   0.3934940243165511E-03   0.3530546379002216E-01   0.2132870877848362E+00
   0.5530069995715967E+00   0.7500000000000000E+00   0.6109680098227344E-03   0.3284001363356479E-01   0.1984013769229303E+00
   0.5176948291298535E+00   0.7500000000000000E+00   0.8023158846009831E-03   0.3139937848301425E-01   0.1897045606658437E+00
   0.4822965550100475E+00   0.7500000000000000E+00   0.9782746881409996E-03   0.3094256591925026E-01   0.1869488888921324E+00
   0.4469844653384545E+00   0.7500000000000000E+00   0.1149703990700527E-02   0.3182218592728357E-01   0.1922684831565406E+00
   0.4119304329393113E+00   0.7500000000000000E+00   0.1335161919672772E-02   0.3480429975747526E-01   0.2102851511405544E+00
   0.3773051175563464E+00   0.7500000000000000E+00   0.1564850166757177E-02   0.3864929337883836E-01   0.2335134084788669E+00
   0.3432770561186040E+00   0.7500000000000000E+00   0.1834429310259250E-02   0.4264140557393128E-01   0.2576324937265220E+00
   0.3100119198511105E+00   0.7500000000000000E+00   0.2145823644438800E-02   0.4705210132332695E-01   0.2842817824398259E+00
   0.2776716873023024E+00   0.7500000000000000E+00   0.2500411643159940E-02   0.5191954957774199E-01   0.3136885179972103E+00
   0.2464138664965352E+00   0.7500000000000000E+00   0.2898815305063633E-02   0.5707790803370586E-01   0.3448533941759485E+00
   0.2163907085097150E+00   0.7500000000000000E+00   0.3337036757595664E-02   0.6242943964368762E-01   0.3771865908510738E+00
   0.1877484667920077E+00   0.7500000000000000E+00   0.3809525382594283E-02   0.6919359756978423E-01   0.4180461591320797E+00
   0.1606267985020210E+00   0.7500000000000000E+00   0.4330459653784151E-02   0.7717858536999066E-01   0.4662776004532410E+00
   0.1351578873300504E+00   0.7500000000000000E+00   0.4895512475617604E-02   0.8571438502179755E-01   0.5178396348004997E+00
   0.1114659074332509E+00   0.7500000000000000E+00   0.5496342961939653E-02   0.9490568731161769E-01   0.5733632008606463E+00
   0.8966639527295486E-01   0.7500000000000000E+00   0.6124378800427720E-02   0.1056243935927657E+00   0.6381170185809137E+00
   0.6986572206421300E-01   0.7500000000000000E+00   0.6777070237373822E-02   0.1186240675250566E+00   0.7166529343533544E+00
   0.5216052568449930E-01   0.7500000000000000E+00   0.7450696971581046E-02   0.1334728265412433E+00   0.8063558038405264E+00
   0.3663716813871828E-01   0.7500000000000000E+00   0.8127485451319305E-02   0.1526919302833727E+00   0.9224409413999421E+00
   0.2337146839653634E-01   0.7500000000000000E+00   0.8805214869759556E-02   0.1794089269710109E+00   0.1083778528504131E+01
   0.1242815664901976E-01   0.7500000000000000E+00   0.9473701128835166E-02   0.2194212589452488E+00   0.1325448421450588E+01
   0.3860011784328757E-02   0.7500000000000000E+00   0.1012000760808709E-01   0.4791220685051428E+00   0.2893136301932850E+01
   0.3865414270339468E-02   0.7500000000000000E+00   0.1197827102269944E-01  -0.3379223181781407E+00  -0.2043221718850686E+01
   0.1243199274954395E-01   0.7500000000000000E+00   0.1332802686244067E-01  -0.3519172229646682E+00  -0.2126007522854623E+01
   0.2337576372745300E-01   0.7500000000000000E+00   0.1451613198836459E-01  -0.2912569311980820E+00  -0.1759355730785298E+01
   0.3664203671620522E-01   0.7500000000000000E+00   0.1576626302950550E-01  -0.2659051701113975E+00  -0.1606136959740860E+01
   0.5216601937674731E-01   0.7500000000000000E+00   0.1709917862605300E-01  -0.2496493783917443E+00  -0.1507917028304057E+01
   0.6987183439463145E-01   0.7500000000000000E+00   0.1854006575268690E-01  -0.2396304698858581E+00  -0.1447370737408774E+01
   0.8967305340262931E-01   0.7500000000000000E+00   0.2009061269587523E-01  -0.2319949252035243E+00  -0.1401210989632407E+01
   0.1114730266544057E+00   0.7500000000000000E+00   0.2174978174792374E-01  -0.2255238723676362E+00  -0.1362082065816852E+01
   0.1351654084942575E+00   0.7500000000000000E+00   0.2350833380880964E-01  -0.2193018294762942E+00  -0.1324458502892490E+01
   0.1606346748446920E+00   0.7500000000000000E+00   0.2535474270241882E-01  -0.2144854745756970E+00  -0.1295329906604500E+01
   0.1877565653552857E+00   0.7500000000000000E+00   0.2729921554871277E-01  -0.2107466588058823E+00  -0.1272712507313384E+01
   0.2163988964685860E+00   0.7500000000000000E+00   0.2932758037602720E-01  -0.2058208936690742E+00  -0.1242937952971538E+01
   0.2464221462204627E+00   0.7500000000000000E+00   0.3141215795680652E-01  -0.2004362966216658E+00  -0.1210402439916743E+01
   0.2776800117749694E+00   0.7500000000000000E+00   0.3354809557926090E-01  -0.1955079882985603E+00  -0.1180625115076065E+01
   0.3100202495825403E+00   0.7500000000000000E+00   0.3572562703678502E-01  -0.1910137810387426E+00  -0.1153473069670035E+01
   0.3432853578776215E+00   0.7500000000000000E+00   0.3794041248200324E-01  -0.1868281386107608E+00  -0.1128187758535978E+01
   0.3773133783842111E+00   0.7500000000000000E+00   0.4018245897822616E-01  -0.1826719113722522E+00  -0.1103081745574509E+01
   0.4119386601245718E+00   0.7500000000000000E+00   0.4244202832041374E-01  -0.1793989528919267E+00  -0.1083312471757567E+01
   0.4469926393974861E+00   0.7500000000000000E+00   0.4472769650400382E-01  -0.1755353851444896E+00  -0.1059982178053536E+01
   0.4823047188534572E+00   0.7500000000000000E+00   0.4700615294549779E-01  -0.1700129444957259E+00  -0.1026638587003773E+01
   0.5177030207303811E+00   0.7500000000000000E+00   0.4925369108994335E-01  -0.1640329782408488E+00  -0.9905327716329312E+00
   0.5530152498934404E+00   0.7500000000000000E+00   0.5146275308881653E-01  -0.1578610794433311E+00  -0.9532728422731550E+00
   0.5880695205627905E+00   0.7500000000000000E+00   0.5362056610519689E-01  -0.1513106877233303E+00  -0.9137326813161801E+00
   0.6226951882170385E+00   0.7500000000000000E+00   0.5571578540797145E-01  -0.1445594386686135E+00  -0.8729821148134776E+00
   0.6567236864471281E+00   0.7500000000000000E+00   0.5774090336027039E-01  -0.1372588305200907E+00  -0.8289218646629808E+00
   0.6899893081526424E+00   0.7500000000000000E+00   0.5968154716537236E-01  -0.1295409501792531E+00  -0.7823467565523164E+00
   0.7223300501237365E+00   0.7500000000000000E+00   0.6153144274100723E-01  -0.1222237432370903E+00  -0.7381950451181309E+00
   0.7535884451325469E+00   0.7500000000000000E+00   0.6329753229456030E-01  -0.1136858136018071E+00  -0.6866766638348688E+00
   0.7836121527852601E+00   0.7500000000000000E+00   0.6495657023099093E-01  -0.1038182378156758E+00  -0.6271335652095219E+00
   0.8122550213730469E+00   0.7500000000000000E+00   0.6650573120801739E-01  -0.8457240732804829E-01  -0.5109527063052192E+00
   0.8393769647700945E+00   0.7500000000000000E+00   0.6781158842713184E-01  -0.6023531189683846E-01  -0.3640222801247108E+00
   0.8648458890940991E+00   0.7500000000000000E+00   0.6885916911517466E-01  -0.3601470335207760E-01  -0.2178004064377307E+00
   0.8885376511706713E+00   0.7500000000000000E+00   0.6966001553770461E-01  -0.1314407948045750E-01  -0.7973516273625965E-01
   0.9103367484697015E+00   0.7500000000000000E+00   0.7023710496628716E-01   0.7725567749983842E-02   0.4624237377174746E-01
   0.9301369149458694E+00   0.7500000000000000E+00   0.7062305081115892E-01   0.2811160396589981E-01   0.1692980516282252E+00
   0.9478415274369202E+00   0.7500000000000000E+00   0.7083556655864716E-01   0.4729360644261880E-01   0.2850809555500196E+00
   0.9633642725246629E+00   0.7500000000000000E+00   0.7090896009877347E-01   0.6819459192249727E-01   0.4112342514273440E+00
   0.9766293433054506E+00   0.7500000000000000E+00   0.7085434402863337E-01   0.9010087929746217E-01   0.5434427396412178E+00
   0.9875720481506653E+00   0.7500000000000000E+00   0.7070314894875358E-01   0.1171435577335881E+00   0.7066673519817830E+00
   0.9961389660202662E+00   0.7500000000000000E+00   0.7047006919699421E-01   0.1430774402224496E+00   0.8632143765879263E+00
ZONE T="BLADE r/R= 0.900", I=  80 F=POINT
   0.9959039430203339E+00   0.9000000000000000E+00   0.3292580260930157E-03   0.3040364353581687E-01   0.2568077470901310E+00
   0.9873450832102130E+00   0.9000000000000000E+00   0.3860454645952283E-03   0.2693959685510483E-01   0.2275241709673078E+00
   0.9764123561625480E+00   0.9000000000000000E+00   0.4430198310621486E-03   0.2509661207379922E-01   0.2120496493015611E+00
   0.9631589407602312E+00   0.9000000000000000E+00   0.5106468778811470E-03   0.2549913908323850E-01   0.2156587982237717E+00
   0.9476492815157680E+00   0.9000000000000000E+00   0.5824855723955298E-03   0.2518179958012708E-01   0.2130959789175617E+00
   0.9299588247065771E+00   0.9000000000000000E+00   0.6551829421202838E-03   0.2609013640003867E-01   0.2208726847575276E+00
   0.9101735555266084E+00   0.9000000000000000E+00   0.7418585256162082E-03   0.2782204991823373E-01   0.2356249843451184E+00
   0.8883897958496066E+00   0.9000000000000000E+00   0.8437497067246220E-03   0.3051344901012518E-01   0.2584964157012504E+00
   0.8647134980362237E+00   0.9000000000000000E+00   0.9763103622339365E-03   0.3492580686093158E-01   0.2959437184837755E+00
   0.8392598563626914E+00   0.9000000000000000E+00   0.1160948150579531E-02   0.4059127346848327E-01   0.3440095935829338E+00
   0.8121527531455937E+00   0.9000000000000000E+00   0.1415950497495678E-02   0.4636885126181604E-01   0.3930171355757255E+00
   0.7835240521863587E+00   0.9000000000000000E+00   0.1749886595521403E-02   0.4599547926627277E-01   0.3898496915265126E+00
   0.7535137106315885E+00   0.9000000000000000E+00   0.2069541013205901E-02   0.4112809124483879E-01   0.3485724356712052E+00
   0.7222677458669045E+00   0.9000000000000000E+00   0.2356013689921984E-02   0.3566912234735199E-01   0.3022802375830975E+00
   0.6899383944184917E+00   0.9000000000000000E+00   0.2598827728933093E-02   0.3090632828163848E-01   0.2618931094977232E+00
   0.6566831318218171E+00   0.9000000000000000E+00   0.2805963630676537E-02   0.2696031138477480E-01   0.2284406837235898E+00
   0.6226640498131935E+00   0.9000000000000000E+00   0.2977893247989792E-02   0.2382604382065535E-01   0.2018772370081052E+00
   0.5880469534047083E+00   0.9000000000000000E+00   0.3123328912027026E-02   0.2184362482545179E-01   0.1850842161737367E+00
   0.5530005863090758E+00   0.9000000000000000E+00   0.3254085508648269E-02   0.2089519674982980E-01   0.1770661415312749E+00
   0.5176958069294506E+00   0.9000000000000000E+00   0.3379593599877107E-02   0.2063759480460308E-01   0.1749086978284779E+00
   0.4823047413958044E+00   0.9000000000000000E+00   0.3504820443379831E-02   0.2084592497405694E-01   0.1766900900048892E+00
   0.4469999369003720E+00   0.9000000000000000E+00   0.3633993326703987E-02   0.2180230218001349E-01   0.1847965032641303E+00
   0.4119535174855293E+00   0.9000000000000000E+00   0.3778026128749834E-02   0.2419819395352727E-01   0.2051058126948720E+00
   0.3773363711158484E+00   0.9000000000000000E+00   0.3957336859643354E-02   0.2748935406362734E-01   0.2330133037736463E+00
   0.3433172422957645E+00   0.9000000000000000E+00   0.4174081179275970E-02   0.3123266412851223E-01   0.2647711558879676E+00
   0.3100619574986342E+00   0.9000000000000000E+00   0.4432226098047255E-02   0.3549893936795165E-01   0.3009758634001438E+00
   0.2777325979007916E+00   0.9000000000000000E+00   0.4734382301550537E-02   0.4026359509292268E-01   0.3414064956430252E+00
   0.2464867199762811E+00   0.9000000000000000E+00   0.5081849690099526E-02   0.4527245845745891E-01   0.3839100189029305E+00
   0.2164765505490994E+00   0.9000000000000000E+00   0.5470391432038457E-02   0.5043085200128090E-01   0.4276829361334507E+00
   0.1878482570719029E+00   0.9000000000000000E+00   0.5895648947161310E-02   0.5640650382279886E-01   0.4783856818290019E+00
   0.1607413353722208E+00   0.9000000000000000E+00   0.6362632187430683E-02   0.6305827091769331E-01   0.5348224868962295E+00
   0.1352877550320907E+00   0.9000000000000000E+00   0.6866373156443913E-02   0.7016046206338643E-01   0.5950776769997895E+00
   0.1116114350556238E+00   0.9000000000000000E+00   0.7401119473993330E-02   0.7776649573847227E-01   0.6596018088675919E+00
   0.8982759469439976E-01   0.9000000000000000E+00   0.7959480416088911E-02   0.8640684194819774E-01   0.7328970505499478E+00
   0.7004225266319657E-01   0.9000000000000000E+00   0.8538210121630911E-02   0.9681093145905899E-01   0.8211511108266361E+00
   0.5235169036346841E-01   0.9000000000000000E+00   0.9135863371857898E-02   0.1091839445607688E+00   0.9261125490137033E+00
   0.3684189573413256E-01   0.9000000000000000E+00   0.9744942077656108E-02   0.1252030345209078E+00   0.1062001740070253E+01
   0.2358832038215053E-01   0.9000000000000000E+00   0.1036551397257907E-01   0.1468794889312284E+00   0.1245885865299230E+01
   0.1265533129172748E-01   0.9000000000000000E+00   0.1099499014878636E-01   0.1821615056179552E+00   0.1545210571434509E+01
   0.4095190158598330E-02   0.9000000000000000E+00   0.1167070079692966E-01   0.2787606447698501E+00   0.2361965057730063E+01
   0.4098462798895705E-02   0.9000000000000000E+00   0.1347753564806272E-01  -0.4662692415927843E+00  -0.3958581393117864E+01
   0.1265547153414988E-01   0.9000000000000000E+00   0.1460152256150235E-01  -0.3519179988454461E+00  -0.2987303843674991E+01
   0.2358781836339564E-01   0.9000000000000000E+00   0.1556759458324941E-01  -0.2676795148564547E+00  -0.2271764882832168E+01
   0.3684106477006571E-01   0.9000000000000000E+00   0.1655128144184470E-01  -0.2330076610794402E+00  -0.1977223869068145E+01
   0.5235075191985527E-01   0.9000000000000000E+00   0.1757552357110080E-01  -0.2119195446093447E+00  -0.1798107477020586E+01
   0.7004136267236888E-01   0.9000000000000000E+00   0.1866044805129050E-01  -0.1983233546501411E+00  -0.1682663853712046E+01
   0.8982685126018541E-01   0.9000000000000000E+00   0.1980501004839917E-01  -0.1878111882976173E+00  -0.1593417469717761E+01
   0.1116109321719586E+00   0.9000000000000000E+00   0.2100852402550746E-01  -0.1793518078011606E+00  -0.1521601759680355E+01
   0.1352875944808956E+00   0.9000000000000000E+00   0.2226626825661454E-01  -0.1719982240277144E+00  -0.1459183977257456E+01
   0.1607416123528185E+00   0.9000000000000000E+00   0.2357151848726822E-01  -0.1661807545806030E+00  -0.1409805148720021E+01
   0.1878489757675178E+00   0.9000000000000000E+00   0.2492977800703213E-01  -0.1614532707084158E+00  -0.1369672821412816E+01
   0.2164776970824524E+00   0.9000000000000000E+00   0.2633099676858121E-01  -0.1563062448856691E+00  -0.1325984715277530E+01
   0.2464883676795905E+00   0.9000000000000000E+00   0.2775932802726043E-01  -0.1511553286077884E+00  -0.1282270399819140E+01
   0.2777347406689811E+00   0.9000000000000000E+00   0.2921039123525558E-01  -0.1464589328794957E+00  -0.1242416112912750E+01
   0.3100645648382663E+00   0.9000000000000000E+00   0.3067726777093484E-01  -0.1422669234686794E+00  -0.1206844203068201E+01
   0.3433202602473468E+00   0.9000000000000000E+00   0.3215767945528326E-01  -0.1385761514627508E+00  -0.1175534561690456E+01
   0.3773397350820881E+00   0.9000000000000000E+00   0.3364679959778057E-01  -0.1352118451716637E+00  -0.1147004998117750E+01
   0.4119571579696050E+00   0.9000000000000000E+00   0.3514025818863049E-01  -0.1327778468230875E+00  -0.1126373609744227E+01
   0.4470037428293055E+00   0.9000000000000000E+00   0.3664675710734454E-01  -0.1301853792498368E+00  -0.1104402119880797E+01
   0.4823086512651829E+00   0.9000000000000000E+00   0.3814466943889991E-01  -0.1263668854196633E+00  -0.1072025072566019E+01
   0.5176997512501788E+00   0.9000000000000000E+00   0.3961570547613173E-01  -0.1219851883579143E+00  -0.1034858652989026E+01
   0.5530044950422137E+00   0.9000000000000000E+00   0.4105123644632978E-01  -0.1173435319402850E+00  -0.9954733101334674E+00
   0.5880507636968644E+00   0.9000000000000000E+00   0.4244170043686604E-01  -0.1125651525956676E+00  -0.9549223096232844E+00
   0.6226677069663505E+00   0.9000000000000000E+00   0.4378119859896169E-01  -0.1080167074928738E+00  -0.9163298248579166E+00
   0.6566865953097124E+00   0.9000000000000000E+00   0.4506921138776490E-01  -0.1035538172282714E+00  -0.8784740779819160E+00
   0.6899416116767813E+00   0.9000000000000000E+00   0.4630019981343725E-01  -0.9922271225403255E-01  -0.8417406290105004E+00
   0.7222706975920258E+00   0.9000000000000000E+00   0.4747375848188691E-01  -0.9557936837816618E-01  -0.8108463839255458E+00
   0.7535163975281406E+00   0.9000000000000000E+00   0.4859854568518718E-01  -0.9163193677896173E-01  -0.7773834221351156E+00
   0.7835264484331027E+00   0.9000000000000000E+00   0.4966307434768131E-01  -0.8737804306204150E-01  -0.7413297872616774E+00
   0.8121548564757588E+00   0.9000000000000000E+00   0.5067070087614544E-01  -0.7810736589110640E-01  -0.6627676457371521E+00
   0.8392616875021941E+00   0.9000000000000000E+00   0.5154100252540867E-01  -0.6629860842735844E-01  -0.5627058191480760E+00
   0.8647150835589200E+00   0.9000000000000000E+00   0.5226522992710389E-01  -0.5485143150653771E-01  -0.4657118788343950E+00
   0.8883911682960361E+00   0.9000000000000000E+00   0.5285048754171900E-01  -0.4432350362082978E-01  -0.3765084447223036E+00
   0.9101747319607457E+00   0.9000000000000000E+00   0.5330851415672831E-01  -0.3490805887373628E-01  -0.2967330968023626E+00
   0.9299598251053053E+00   0.9000000000000000E+00   0.5365577071295880E-01  -0.2566441259545625E-01  -0.2184070408353555E+00
   0.9476501407037025E+00   0.9000000000000000E+00   0.5389834099099368E-01  -0.1680781121053384E-01  -0.1433492473222817E+00
   0.9631596950803343E+00   0.9000000000000000E+00   0.5405042424831062E-01  -0.7058709549437902E-02  -0.6073650165408812E-01
   0.9764129872123281E+00   0.9000000000000000E+00   0.5411698936536020E-01   0.2856456372930919E-02   0.2328002684494916E-01
   0.9873456087382043E+00   0.9000000000000000E+00   0.5411654225311800E-01   0.1661784422716116E-01   0.1399364231028386E+00
   0.9959043924543133E+00   0.9000000000000000E+00   0.5403976359179180E-01   0.3040379727281111E-01   0.2568090725685681E+00
ZONE T="BLADE r/R= 0.950", I=  80 F=POINT
   0.9952696353415111E+00   0.9500000000000000E+00   0.5914442892141753E-02  -0.3955800166426630E-01  -0.3733165840898383E+00
   0.9867398941843455E+00   0.9500000000000000E+00   0.5865872485211205E-02  -0.3549797661249164E-01  -0.3350059681805792E+00
   0.9758429660189973E+00   0.9500000000000000E+00   0.5810358024823478E-02  -0.2970779265579131E-01  -0.2805293566323715E+00
   0.9626308939212371E+00   0.9500000000000000E+00   0.5757267131900236E-02  -0.1852659077085011E-01  -0.1753551963536982E+00
   0.9471668457804179E+00   0.9500000000000000E+00   0.5735420417060533E-02  -0.6332759389534717E-02  -0.6037400110825923E-01
   0.9295248995976682E+00   0.9500000000000000E+00   0.5733613033742825E-02   0.3833697665637144E-03   0.3038559145130977E-02
   0.9097896518646102E+00   0.9500000000000000E+00   0.5744033292835704E-02   0.4136524692737999E-02   0.3834447678982754E-01
   0.8880560626424827E+00   0.9500000000000000E+00   0.5766465874697782E-02   0.8107557071923953E-02   0.7561702863007295E-01
   0.8644287954534593E+00   0.9500000000000000E+00   0.5809518826103918E-02   0.1309150681193805E-01   0.1224593572995649E+00
   0.8390218893949460E+00   0.9500000000000000E+00   0.5884361358493799E-02   0.1855971591381518E-01   0.1738952731643550E+00
   0.8119582400031342E+00   0.9500000000000000E+00   0.5999588121365792E-02   0.2358991278299179E-01   0.2211553625998326E+00
   0.7833689316440008E+00   0.9500000000000000E+00   0.6158888373431814E-02   0.2327330999228296E-01   0.2181527519840909E+00
   0.7533933359503966E+00   0.9500000000000000E+00   0.6306701215950088E-02   0.1950795920451707E-01   0.1827907222582565E+00
   0.7221771138293126E+00   0.9500000000000000E+00   0.6432626634461422E-02   0.1547210770348316E-01   0.1449065544695581E+00
   0.6898724456066595E+00   0.9500000000000000E+00   0.6531968481279036E-02   0.1213473899419771E-01   0.1135676607465923E+00
   0.6566370233503134E+00   0.9500000000000000E+00   0.6609863119568533E-02   0.9555026881118199E-02   0.8934399298138490E-01
   0.6226334134116331E+00   0.9500000000000000E+00   0.6668368048583455E-02   0.7991013018410461E-02   0.7468588679731424E-01
   0.5880281210274920E+00   0.9500000000000000E+00   0.6718244634854758E-02   0.8014000374540453E-02   0.7496329988217672E-01
   0.5529907752009504E+00   0.9500000000000000E+00   0.6775653214196963E-02   0.9374790216131157E-02   0.8782864855642003E-01
   0.5176932607057031E+00   0.9500000000000000E+00   0.6850778756338084E-02   0.1098042426736322E-01   0.1029818597982509E+00
   0.4823088168895688E+00   0.9500000000000000E+00   0.6941198302364338E-02   0.1151834718109074E-01   0.1080322884534684E+00
   0.4470111366240189E+00   0.9500000000000000E+00   0.7030594211157115E-02   0.1112852734598811E-01   0.1043038269229097E+00
   0.4119734657160072E+00   0.9500000000000000E+00   0.7113533774213709E-02   0.1150793073334997E-01   0.1077857024697713E+00
   0.3773677351725007E+00   0.9500000000000000E+00   0.7204917962895563E-02   0.1298846920913027E-01   0.1216225322813855E+00
   0.3433635953286892E+00   0.9500000000000000E+00   0.7310492005667426E-02   0.1553279004453390E-01   0.1454690252489099E+00
   0.3101276031287565E+00   0.9500000000000000E+00   0.7441438678770964E-02   0.1944151041222632E-01   0.1821590993545121E+00
   0.2778223519658525E+00   0.9500000000000000E+00   0.7609034121837232E-02   0.2454417263639011E-01   0.2301117095083817E+00
   0.2466056636866052E+00   0.9500000000000000E+00   0.7820200915490001E-02   0.3009208769014207E-01   0.2822918564827626E+00
   0.2166297666346125E+00   0.9500000000000000E+00   0.8071749901679876E-02   0.3553671444280847E-01   0.3334990134288180E+00
   0.1880405525192368E+00   0.9500000000000000E+00   0.8358541758660489E-02   0.4125865370597902E-01   0.3872766750884180E+00
   0.1609769805013498E+00   0.9500000000000000E+00   0.8681369947372621E-02   0.4725271348314372E-01   0.4435996066816338E+00
   0.1355702343499698E+00   0.9500000000000000E+00   0.9036546242405588E-02   0.5352125447017912E-01   0.5024868010012322E+00
   0.1119432190891282E+00   0.9500000000000000E+00   0.9420735643152907E-02   0.6024760189412425E-01   0.5656444285393594E+00
   0.9020995705067550E-01   0.9500000000000000E+00   0.9830505618750087E-02   0.6782574558989866E-01   0.6367766750725040E+00
   0.7047514096901002E-01   0.9500000000000000E+00   0.1026508143984775E-01   0.7661103925181263E-01   0.7192409755623667E+00
   0.5283363372104136E-01   0.9500000000000000E+00   0.1072556221812070E-01   0.8671951722788639E-01   0.8141207921323338E+00
   0.3736997079293691E-01   0.9500000000000000E+00   0.1121262871834893E-01   0.9775498901848520E-01   0.9176381626228348E+00
   0.2415818047018817E-01   0.9500000000000000E+00   0.1171699683199430E-01   0.1096417656584407E+00   0.1028958697819257E+01
   0.1326125876998943E-01   0.9500000000000000E+00   0.1224991141878604E-01   0.1171820968437893E+00   0.1098368486955723E+01
   0.4729771392930975E-02   0.9500000000000000E+00   0.1289936701374699E-01  -0.5578657679301861E-01  -0.5350749523007380E+00
   0.4731322433175710E-02   0.9500000000000000E+00   0.1445256439216955E-01  -0.5636757290767240E+00  -0.5300769461218177E+01
   0.1325649031391799E-01   0.9500000000000000E+00   0.1545937763497512E-01  -0.4477081159285425E+00  -0.4211312236552293E+01
   0.2415112421532990E-01   0.9500000000000000E+00   0.1627253635094622E-01  -0.3140603077616611E+00  -0.2953557759953808E+01
   0.3736136936025644E-01   0.9500000000000000E+00   0.1708266652402861E-01  -0.2621539198246280E+00  -0.2465112843043930E+01
   0.5282405811966559E-01   0.9500000000000000E+00   0.1789477883916277E-01  -0.2276472239823978E+00  -0.2140151961632051E+01
   0.7046507549907366E-01   0.9500000000000000E+00   0.1873199149485058E-01  -0.2072662811764645E+00  -0.1948189773098337E+01
   0.9019982134690958E-01   0.9500000000000000E+00   0.1960286213740170E-01  -0.1933097480377533E+00  -0.1816888110126909E+01
   0.1119334208281881E+00   0.9500000000000000E+00   0.2050806539297838E-01  -0.1821803841592219E+00  -0.1712298473893798E+01
   0.1355611760934818E+00   0.9500000000000000E+00   0.2144184572820734E-01  -0.1724001066484677E+00  -0.1620376883144800E+01
   0.1609690223738098E+00   0.9500000000000000E+00   0.2239911179592691E-01  -0.1645393984860401E+00  -0.1546443641712874E+01
   0.1880339132701554E+00   0.9500000000000000E+00   0.2338361677933279E-01  -0.1583329967866871E+00  -0.1488068762311719E+01
   0.2166246009135227E+00   0.9500000000000000E+00   0.2438987910928733E-01  -0.1521691300590854E+00  -0.1430117330456977E+01
   0.2466021595125517E+00   0.9500000000000000E+00   0.2540619984946295E-01  -0.1461466706383626E+00  -0.1373491825683977E+01
   0.2778205417130495E+00   0.9500000000000000E+00   0.2642822929380634E-01  -0.1407545874801283E+00  -0.1322786190630946E+01
   0.3101274275010050E+00   0.9500000000000000E+00   0.2745100109521341E-01  -0.1362781650102830E+00  -0.1280720986576406E+01
   0.3433649084253657E+00   0.9500000000000000E+00   0.2847574514998784E-01  -0.1331051586907811E+00  -0.1250957816616968E+01
   0.3773703217745134E+00   0.9500000000000000E+00   0.2950682328054206E-01  -0.1312101052513976E+00  -0.1233245346421736E+01
   0.4119770580420775E+00   0.9500000000000000E+00   0.3054901505144089E-01  -0.1308467847372387E+00  -0.1229936938914688E+01
   0.4470153838353688E+00   0.9500000000000000E+00   0.3161435281549632E-01  -0.1303329133725387E+00  -0.1225206057103039E+01
   0.4823134010689763E+00   0.9500000000000000E+00   0.3268460942144605E-01  -0.1277198818143176E+00  -0.1200703580889711E+01
   0.5176978510508388E+00   0.9500000000000000E+00   0.3373663005454809E-01  -0.1231304786044448E+00  -0.1157537797358187E+01
   0.5529950505518889E+00   0.9500000000000000E+00   0.3475067914862781E-01  -0.1173466953208597E+00  -0.1103102555578710E+01
   0.5880317949625173E+00   0.9500000000000000E+00   0.3571351661286473E-01  -0.1115562666706792E+00  -0.1048607749668334E+01
   0.6226362526181102E+00   0.9500000000000000E+00   0.3662430560963015E-01  -0.1066548489882869E+00  -0.1002497714500082E+01
   0.6566388634973029E+00   0.9500000000000000E+00   0.3748732819690221E-01  -0.1026188671949722E+00  -0.9645524595997714E+00
   0.6898731756258023E+00   0.9500000000000000E+00   0.3830452872549571E-01  -0.9931410627723941E-01  -0.9335010253749200E+00
   0.7221767217021031E+00   0.9500000000000000E+00   0.3907867926011470E-01  -0.9683808538857885E-01  -0.9102499647066458E+00
   0.7533918954025723E+00   0.9500000000000000E+00   0.3981651169018263E-01  -0.9449610280198328E-01  -0.8882684695796563E+00
   0.7833665512540268E+00   0.9500000000000000E+00   0.4051332003751099E-01  -0.9231391365254654E-01  -0.8677951679900712E+00
   0.8119550996512960E+00   0.9500000000000000E+00   0.4117371068774224E-01  -0.8804419679167133E-01  -0.8277452524854748E+00
   0.8390182261999528E+00   0.9500000000000000E+00   0.4176148875656335E-01  -0.8295843409795065E-01  -0.7800631339007553E+00
   0.8644248719312277E+00   0.9500000000000000E+00   0.4227276033546548E-01  -0.7814260359208484E-01  -0.7349263680861180E+00
   0.8880521475318881E+00   0.9500000000000000E+00   0.4271051964867971E-01  -0.7367390078071502E-01  -0.6930289590932834E+00
   0.9097859819225946E+00   0.9500000000000000E+00   0.4307777460269521E-01  -0.6946691331031554E-01  -0.6535726053062642E+00
   0.9295216825988358E+00   0.9500000000000000E+00   0.4337759407136046E-01  -0.6501712439681714E-01  -0.6118487679276222E+00
   0.9471642551411940E+00   0.9500000000000000E+00   0.4360732825266574E-01  -0.6076989569232184E-01  -0.5720328195187744E+00
   0.9626290505939695E+00   0.9500000000000000E+00   0.4377911544105614E-01  -0.5657800058798983E-01  -0.5327156060139229E+00
   0.9758418611871980E+00   0.9500000000000000E+00   0.4389854460228304E-01  -0.5136604174049732E-01  -0.4838185976145898E+00
   0.9867394824561612E+00   0.9500000000000000E+00   0.4394865555253490E-01  -0.4447086522794076E-01  -0.4192174071537886E+00
   0.9952698247404241E+00   0.9500000000000000E+00   0.4392242114543647E-01  -0.3955802439023468E-01  -0.3733167912331456E+00
ZONE T="BLADE r/R= 0.995", I=  80 F=POINT
   0.8284695188196063E+00   0.9950000000000000E+00   0.1271168264167882E-01  -0.1256954775625551E+00  -0.1290568901914084E+01
   0.8279175659261482E+00   0.9950000000000000E+00   0.1270385637862844E-01  -0.1224231419728358E+00  -0.1256465176288987E+01
   0.8268391537800086E+00   0.9950000000000000E+00   0.1269140506395340E-01  -0.1195892997112667E+00  -0.1226911741933566E+01
   0.8249829595631107E+00   0.9950000000000000E+00   0.1267385105535603E-01  -0.1137167774356117E+00  -0.1166469153771789E+01
   0.8220692307452721E+00   0.9950000000000000E+00   0.1265170840867806E-01  -0.9971466850767677E-01  -0.1022902648085449E+01
   0.8178039454090528E+00   0.9950000000000000E+00   0.1262539090245297E-01  -0.8902267177262976E-01  -0.9130503209761608E+00
   0.8118935760475083E+00   0.9950000000000000E+00   0.1259494950880163E-01  -0.7896605569581451E-01  -0.8093766040530495E+00
   0.8040548288318988E+00   0.9950000000000000E+00   0.1255682319154953E-01  -0.4367766122518171E-01  -0.4474365225944820E+00
   0.7940252476140290E+00   0.9950000000000000E+00   0.1251882408582397E-01  -0.8755869935135902E-02  -0.8956485774619129E-01
   0.7815772774520173E+00   0.9950000000000000E+00   0.1248874312528821E-01   0.1185702208869356E-01   0.1216470826443092E+00
   0.7665276996597908E+00   0.9950000000000000E+00   0.1247175492681016E-01   0.2226867982398580E-01   0.2283599353974850E+00
   0.7487485307759341E+00   0.9950000000000000E+00   0.1247364937721429E-01   0.2784475215247632E-01   0.2855189279189962E+00
   0.7281696139995449E+00   0.9950000000000000E+00   0.1249638006186190E-01   0.3403732384988642E-01   0.3490378887592188E+00
   0.7047926569728924E+00   0.9950000000000000E+00   0.1253919323883530E-01   0.4194252930586870E-01   0.4301821188056986E+00
   0.6787104764686254E+00   0.9950000000000000E+00   0.1260293478732700E-01   0.5107305188224809E-01   0.5239503555172371E+00
   0.6501113417850740E+00   0.9950000000000000E+00   0.1269030278651651E-01   0.6078350097499859E-01   0.6236958687950483E+00
   0.6192811618660972E+00   0.9950000000000000E+00   0.1280793882643437E-01   0.7169612243135069E-01   0.7357823321882174E+00
   0.5865996427475577E+00   0.9950000000000000E+00   0.1296780139064654E-01   0.8652772611878883E-01   0.8880783932344107E+00
   0.5525303805439211E+00   0.9950000000000000E+00   0.1319690228653444E-01   0.1134665249462646E+00   0.1164622752126025E+01
   0.5176032483209315E+00   0.9950000000000000E+00   0.1355321441681764E-01   0.1439053047572929E+00   0.1477088142330847E+01
   0.4823904793730818E+00   0.9950000000000000E+00   0.1404911584520264E-01   0.9301423635482849E-01   0.9547270386834555E+00
   0.4474783647254596E+00   0.9950000000000000E+00   0.1447520150479005E-01  -0.3503443444037255E-01  -0.3596020391108549E+00
   0.4134373817694231E+00   0.9950000000000000E+00   0.1479055276498249E-01  -0.1301109288002400E+00  -0.1335367945326482E+01
   0.3807943754072523E+00   0.9950000000000000E+00   0.1504056602212655E-01  -0.1993149824837066E+00  -0.2045419696898989E+01
   0.3500093941316657E+00   0.9950000000000000E+00   0.1525083086504903E-01  -0.2646609462013303E+00  -0.2715661388210343E+01
   0.3214588079971506E+00   0.9950000000000000E+00   0.1543457769141765E-01  -0.3365447906357502E+00  -0.3452703155342987E+01
   0.2954257167804001E+00   0.9950000000000000E+00   0.1559932563745305E-01  -0.4227603273753759E+00  -0.4336394673205445E+01
   0.2720973676395113E+00   0.9950000000000000E+00   0.1574920914651565E-01  -0.5310368179935853E+00  -0.5445852685817846E+01
   0.2515678745179611E+00   0.9950000000000000E+00   0.1588669927256899E-01  -0.6725827781105552E+00  -0.6895783407576625E+01
   0.2338442755711132E+00   0.9950000000000000E+00   0.1601300911099117E-01  -0.8572367743773978E+00  -0.8786732136359515E+01
   0.2188574558107754E+00   0.9950000000000000E+00   0.1612750020324985E-01  -0.1085864889983404E+01  -0.1112720978225992E+02
   0.2064732231836670E+00   0.9950000000000000E+00   0.1622882330892454E-01  -0.1345346967389037E+01  -0.1378247582997176E+02
   0.1965017682663632E+00   0.9950000000000000E+00   0.1631388711087278E-01  -0.1598590692192931E+01  -0.1637251173120715E+02
   0.1887084757892236E+00   0.9950000000000000E+00   0.1637935001573736E-01  -0.1768545234814167E+01  -0.1810863970574606E+02
   0.1828259824330145E+00   0.9950000000000000E+00   0.1642877941952534E-01  -0.1909584851970517E+01  -0.1954822213261617E+02
   0.1785667851748576E+00   0.9950000000000000E+00   0.1646421754179215E-01  -0.2063107895171109E+01  -0.2111540960776587E+02
   0.1756316513293147E+00   0.9950000000000000E+00   0.1648885094551338E-01  -0.2071459903375839E+01  -0.2119746555576107E+02
   0.1737213184734302E+00   0.9950000000000000E+00   0.1650761498494083E-01  -0.1974428137533120E+01  -0.2020321821961430E+02
   0.1725451883260878E+00   0.9950000000000000E+00   0.1652820420605804E-01  -0.2856998623865596E+01  -0.2923920172061689E+02
   0.1717313284814348E+00   0.9950000000000000E+00   0.1660031480710025E-01  -0.9072313516707333E+00  -0.9312779473737821E+01
   0.1711919997121544E+00   0.9950000000000000E+00   0.1674390126570297E-01  -0.4713141025231341E+00  -0.4845146574912288E+01
   0.1712215705141888E+00   0.9950000000000000E+00   0.1694668054888434E-01  -0.1159862529019231E+01  -0.1189022064303789E+02
   0.1719620968584332E+00   0.9950000000000000E+00   0.1711139798343249E-01  -0.9622623798450883E+00  -0.9860609959706812E+01
   0.1735377620905749E+00   0.9950000000000000E+00   0.1728453567462503E-01  -0.1003490727419291E+01  -0.1028097884110239E+02
   0.1762203856208357E+00   0.9950000000000000E+00   0.1747319934608745E-01  -0.1052035848263444E+01  -0.1077760674755380E+02
   0.1803042354386787E+00   0.9950000000000000E+00   0.1768127873499533E-01  -0.1120613389811676E+01  -0.1148018734673205E+02
   0.1860890997912153E+00   0.9950000000000000E+00   0.1791228083754377E-01  -0.1185047015502229E+01  -0.1214092278423390E+02
   0.1938637308158154E+00   0.9950000000000000E+00   0.1816957677471025E-01  -0.1217637488223334E+01  -0.1247626566854701E+02
   0.2038935232483499E+00   0.9950000000000000E+00   0.1845097042776622E-01  -0.1205252427634418E+01  -0.1235151259926192E+02
   0.2164078200432965E+00   0.9950000000000000E+00   0.1875433253535356E-01  -0.1148341344128561E+01  -0.1177071394434133E+02
   0.2315904039345198E+00   0.9950000000000000E+00   0.1907899884152753E-01  -0.1068575496765123E+01  -0.1095548707170279E+02
   0.2495678346990770E+00   0.9950000000000000E+00   0.1942076720626279E-01  -0.9727166585721752E+00  -0.9974847855924899E+01
   0.2703955409461076E+00   0.9950000000000000E+00   0.1977869958422680E-01  -0.8732146953495269E+00  -0.8956293433155835E+01
   0.2940488295140633E+00   0.9950000000000000E+00   0.2015258109727761E-01  -0.7841936086580278E+00  -0.8044668139974307E+01
   0.3204147861615964E+00   0.9950000000000000E+00   0.2054334026250761E-01  -0.7084310787000389E+00  -0.7268554518783508E+01
   0.3492856219237917E+00   0.9950000000000000E+00   0.2095325097049162E-01  -0.6472373999504007E+00  -0.6641507270729459E+01
   0.3803570991910785E+00   0.9950000000000000E+00   0.2138564653299350E-01  -0.6002263998215253E+00  -0.6159671633339638E+01
   0.4132328317555058E+00   0.9950000000000000E+00   0.2184853809434642E-01  -0.5641308258742376E+00  -0.5789602430457697E+01
   0.4474360966700451E+00   0.9950000000000000E+00   0.2235646062271634E-01  -0.5254354549603162E+00  -0.5392635518770587E+01
   0.4824286439583330E+00   0.9950000000000000E+00   0.2292256579130739E-01  -0.4558048770420621E+00  -0.4677968489531406E+01
   0.5176357335716966E+00   0.9950000000000000E+00   0.2351292436451417E-01  -0.3764868529889148E+00  -0.3863823040429499E+01
   0.5524749851612063E+00   0.9950000000000000E+00   0.2401710995394664E-01  -0.3148958499871368E+00  -0.3231637900610659E+01
   0.5863856483338993E+00   0.9950000000000000E+00   0.2443461734156081E-01  -0.2642422718917935E+00  -0.2711680810782223E+01
   0.6188554331143136E+00   0.9950000000000000E+00   0.2479558140785667E-01  -0.2230891195595747E+00  -0.2289232211877162E+01
   0.6494423254675686E+00   0.9950000000000000E+00   0.2511808933281649E-01  -0.1898912749850588E+00  -0.1948461579612680E+01
   0.6777894812570364E+00   0.9950000000000000E+00   0.2541204811690424E-01  -0.1633407129859403E+00  -0.1675955864648243E+01
   0.7036329096623272E+00   0.9950000000000000E+00   0.2568248151203721E-01  -0.1427965123069098E+00  -0.1465135909960277E+01
   0.7268039679904432E+00   0.9950000000000000E+00   0.2593176525266644E-01  -0.1280415626839220E+00  -0.1313759491438348E+01
   0.7472252035116632E+00   0.9950000000000000E+00   0.2616209460430369E-01  -0.1188415712178996E+00  -0.1219397736716820E+01
   0.7649052600987145E+00   0.9950000000000000E+00   0.2637479459287814E-01  -0.1112537983793418E+00  -0.1141598986304987E+01
   0.7799199192189263E+00   0.9950000000000000E+00   0.2656375227648027E-01  -0.1034036045554447E+00  -0.1061139976757283E+01
   0.7923982362291235E+00   0.9950000000000000E+00   0.2672517661673302E-01  -0.9470826562244937E-01  -0.9720545454006897E+00
   0.8025206103487272E+00   0.9950000000000000E+00   0.2685836118696840E-01  -0.8492434191882653E-01  -0.8718562035160624E+00
   0.8105074589972533E+00   0.9950000000000000E+00   0.2696098767073566E-01  -0.7417714612822815E-01  -0.7618232040069448E+00
   0.8166102323927125E+00   0.9950000000000000E+00   0.2703080199403691E-01  -0.6498661694656011E-01  -0.6677510027280942E+00
   0.8210992919622511E+00   0.9950000000000000E+00   0.2707446152837377E-01  -0.5946928815196671E-01  -0.6113416733033102E+00
   0.8242543571572075E+00   0.9950000000000000E+00   0.2709848522237365E-01  -0.5769594809067453E-01  -0.5933538011566081E+00
   0.8263512588098176E+00   0.9950000000000000E+00   0.2710773292953914E-01  -0.6287576956281277E-01  -0.6466321981721566E+00
   0.8276500847644127E+00   0.9950000000000000E+00   0.2710623952001936E-01  -0.8478922730775722E-01  -0.8713623097554866E+00
   0.8283872016680419E+00   0.9950000000000000E+00   0.2709712519992446E-01  -0.1249580919045158E+00  -0.1283027880917461E+01
