TITLE = "PROPAN_60_T0"
VARIABLES="S/C","r/R","POT","CP","CPN"
ZONE T="BLADE r/R= 0.250", I=  80 F=POINT
   0.9963132581371299E+00   0.2500000000000000E+00   0.1426154116556451E-01   0.5488012283214134E+00   0.5360809160490493E+00
   0.9877442235044607E+00   0.2500000000000000E+00   0.1491728453349473E-01   0.4800866561797295E+00   0.4689028757574462E+00
   0.9767987620090234E+00   0.2500000000000000E+00   0.1560083172233536E-01   0.4056479377545688E+00   0.3961345220922092E+00
   0.9635302876859899E+00   0.2500000000000000E+00   0.1630190600677655E-01   0.3485509496549856E+00   0.3403290897584668E+00
   0.9480035347316940E+00   0.2500000000000000E+00   0.1699832672009500E-01   0.3016325303865427E+00   0.2944727400218888E+00
   0.9302942185378316E+00   0.2500000000000000E+00   0.1768312370922053E-01   0.2648182970964119E+00   0.2584942553959917E+00
   0.9104886827728487E+00   0.2500000000000000E+00   0.1835449454734874E-01   0.2347462567449729E+00   0.2291076775855841E+00
   0.8886834556995484E+00   0.2500000000000000E+00   0.1900548380555315E-01   0.2101642711660902E+00   0.2050929999734669E+00
   0.8649848029227440E+00   0.2500000000000000E+00   0.1963727626542613E-01   0.1919585256782387E+00   0.1873201815101279E+00
   0.8395082451264738E+00   0.2500000000000000E+00   0.2025654121890355E-01   0.1791638966910236E+00   0.1748378069214111E+00
   0.8123779835817670E+00   0.2500000000000000E+00   0.2086935535068696E-01   0.1697823597842385E+00   0.1656943403063380E+00
   0.7837264057113552E+00   0.2500000000000000E+00   0.2147743404935696E-01   0.1553226573460790E+00   0.1515815829067182E+00
   0.7536927781336764E+00   0.2500000000000000E+00   0.2203757357635218E-01   0.1363670184271260E+00   0.1330722306105472E+00
   0.7224232971371172E+00   0.2500000000000000E+00   0.2253431290506759E-01   0.1177883894642883E+00   0.1149324705330671E+00
   0.6900701862426599E+00   0.2500000000000000E+00   0.2296251547794554E-01   0.1008392911381172E+00   0.9838777203996753E-01
   0.6567909920661618E+00   0.2500000000000000E+00   0.2332003702613424E-01   0.8431675848188692E-01   0.8226226865041800E-01
   0.6227476380677438E+00   0.2500000000000000E+00   0.2359812276431637E-01   0.6907517278742588E-01   0.6739101778066896E-01
   0.5881059626103556E+00   0.2500000000000000E+00   0.2379765405330344E-01   0.5575619381300250E-01   0.5440221985400326E-01
   0.5530346866285583E+00   0.2500000000000000E+00   0.2392023426412974E-01   0.4388949720755567E-01   0.4283524265489834E-01
   0.5177046411461946E+00   0.2500000000000000E+00   0.2396561467514942E-01   0.3312439395829804E-01   0.3234715703741876E-01
   0.4822879500126500E+00   0.2500000000000000E+00   0.2393422745235439E-01   0.2286606818490114E-01   0.2235751955203471E-01
   0.4469570878416186E+00   0.2500000000000000E+00   0.2382323307288377E-01   0.1490157680760674E-01   0.1460956679470798E-01
   0.4118842834131183E+00   0.2500000000000000E+00   0.2364196928518226E-01   0.1313368867875728E-01   0.1291643032343712E-01
   0.3772408744532979E+00   0.2500000000000000E+00   0.2342065957293684E-01   0.1147214326181995E-01   0.1132811009206201E-01
   0.3431953435098329E+00   0.2500000000000000E+00   0.2315325006214886E-01   0.9646011212332429E-02   0.9577346244064675E-02
   0.3099136713239791E+00   0.2500000000000000E+00   0.2284295137387241E-01   0.8687758379363348E-02   0.8674410966991244E-02
   0.2775580817113529E+00   0.2500000000000000E+00   0.2249609584154622E-01   0.8933752453896835E-02   0.8945371944909221E-02
   0.2462862702820428E+00   0.2500000000000000E+00   0.2211967604311434E-01   0.1034431702525985E-01   0.1035211802758467E-01
   0.2162506344469138E+00   0.2500000000000000E+00   0.2171964100280453E-01   0.1259561892948826E-01   0.1257941489222369E-01
   0.1875974744811207E+00   0.2500000000000000E+00   0.2129821985299960E-01   0.2247118232336329E-01   0.2224862162735671E-01
   0.1604666594876369E+00   0.2500000000000000E+00   0.2088596508821835E-01   0.3826319993632546E-01   0.3769751356181796E-01
   0.1349903407228398E+00   0.2500000000000000E+00   0.2050001287207405E-01   0.5677315299305697E-01   0.5580080466838881E-01
   0.1112925683244968E+00   0.2500000000000000E+00   0.2014359973446261E-01   0.8066145245757494E-01   0.7915618498469930E-01
   0.8948882053057479E-01   0.2500000000000000E+00   0.1982599362950258E-01   0.1140683721078277E+00   0.1118066521007151E+00
   0.6968535068234431E-01   0.2500000000000000E+00   0.1956064061471621E-01   0.1603680010523411E+00   0.1570487929002543E+00
   0.5197861349283403E-01   0.2500000000000000E+00   0.1936363727640864E-01   0.2198529490292184E+00   0.2151703439447236E+00
   0.3645480579942681E-01   0.2500000000000000E+00   0.1923508214720763E-01   0.3035905834594955E+00   0.2969835998105328E+00
   0.2318964937044028E-01   0.2500000000000000E+00   0.1918150418745944E-01   0.4309336212715676E+00   0.4213492605175948E+00
   0.1224786349830636E-01   0.2500000000000000E+00   0.1921562168102530E-01   0.6117952653922878E+00   0.5979722535844882E+00
   0.3684271466560080E-02   0.2500000000000000E+00   0.1928920145805545E-01   0.9983359963169169E+00   0.9756850870619110E+00
   0.3688321993570054E-02   0.2500000000000000E+00   0.2044682075412999E-01  -0.1514784155454384E+00  -0.1484109325567325E+00
   0.1225705903810438E-01   0.2500000000000000E+00   0.2196177402805617E-01  -0.8446623657089163E+00  -0.8251329109711116E+00
   0.2320124455985178E-01   0.2500000000000000E+00   0.2323851870943552E-01  -0.9306554128417148E+00  -0.9087890569776131E+00
   0.3646764066557959E-01   0.2500000000000000E+00   0.2463329782948015E-01  -0.9650923039742115E+00  -0.9422597884401438E+00
   0.5199160159716439E-01   0.2500000000000000E+00   0.2616467037974245E-01  -0.9724471822801239E+00  -0.9493985765826570E+00
   0.6969762154076378E-01   0.2500000000000000E+00   0.2784698783906416E-01  -0.9735586882454391E+00  -0.9504743070915960E+00
   0.8949951633554766E-01   0.2500000000000000E+00   0.2967956091243286E-01  -0.9673659203386188E+00  -0.9444404229687200E+00
   0.1113008858069797E+00   0.2500000000000000E+00   0.3164614192044648E-01  -0.9509523509066683E+00  -0.9284569638282550E+00
   0.1349955814289127E+00   0.2500000000000000E+00   0.3372251403447538E-01  -0.9254299196441199E+00  -0.9035908065961686E+00
   0.1604682093509857E+00   0.2500000000000000E+00   0.3588509067055438E-01  -0.8987718821586391E+00  -0.8776198453074944E+00
   0.1875950613060891E+00   0.2500000000000000E+00   0.3813201870934220E-01  -0.8709748224332238E+00  -0.8505393442154400E+00
   0.2162441784487671E+00   0.2500000000000000E+00   0.4043644567915399E-01  -0.8317031100738378E+00  -0.8122462306921779E+00
   0.2462757388189233E+00   0.2500000000000000E+00   0.4275009301760932E-01  -0.7862132180888224E+00  -0.7678733569916831E+00
   0.2775437491553019E+00   0.2500000000000000E+00   0.4505967521546136E-01  -0.7412091614878394E+00  -0.7239690792043918E+00
   0.3098959822774547E+00   0.2500000000000000E+00   0.4734975724781015E-01  -0.6970907190442225E+00  -0.6809196986866827E+00
   0.3431749763010204E+00   0.2500000000000000E+00   0.4961024502198124E-01  -0.6540454683576332E+00  -0.6389100046586010E+00
   0.3772186368084066E+00   0.2500000000000000E+00   0.5183076564865403E-01  -0.6122508516132104E+00  -0.5981141477439061E+00
   0.4118610346698146E+00   0.2500000000000000E+00   0.5400451620733692E-01  -0.5768125698922051E+00  -0.5635136039840634E+00
   0.4469340108021762E+00   0.2500000000000000E+00   0.5615106708261795E-01  -0.5397764586453105E+00  -0.5273445588883028E+00
   0.4822660105129802E+00   0.2500000000000000E+00   0.5824416030546976E-01  -0.4984759744201153E+00  -0.4870029284814851E+00
   0.5176847016446825E+00   0.2500000000000000E+00   0.6026768862693165E-01  -0.4583898595612925E+00  -0.4478377381746695E+00
   0.5530175614864883E+00   0.2500000000000000E+00   0.6222479800091577E-01  -0.4207050676745510E+00  -0.4110108291997212E+00
   0.5880922909518078E+00   0.2500000000000000E+00   0.6411595413408096E-01  -0.3848160148021752E+00  -0.3759344898180763E+00
   0.6227378578121063E+00   0.2500000000000000E+00   0.6594147393048003E-01  -0.3505030589106719E+00  -0.3423941647146955E+00
   0.6567853669236314E+00   0.2500000000000000E+00   0.6770153299591115E-01  -0.3156179831652570E+00  -0.3082934881646699E+00
   0.6900687066886524E+00   0.2500000000000000E+00   0.6938669541588978E-01  -0.2816038763546640E+00  -0.2750435424324469E+00
   0.7224257220154354E+00   0.2500000000000000E+00   0.7099615531476068E-01  -0.2490691562253515E+00  -0.2432416028224823E+00
   0.7536987903826788E+00   0.2500000000000000E+00   0.7253271563099156E-01  -0.2131925852214173E+00  -0.2081772230529809E+00
   0.7837353840850683E+00   0.2500000000000000E+00   0.7397934021480532E-01  -0.1757761456849354E+00  -0.1716107906974128E+00
   0.8123893392578697E+00   0.2500000000000000E+00   0.7533334106668783E-01  -0.1244980707816013E+00  -0.1214889485251021E+00
   0.8395207482910999E+00   0.2500000000000000E+00   0.7653869947777611E-01  -0.6752551339731741E-01  -0.6580228746201071E-01
   0.8649975784197466E+00   0.2500000000000000E+00   0.7757209007220846E-01  -0.8579362239987003E-02  -0.8199329252109791E-02
   0.8886957937843875E+00   0.2500000000000000E+00   0.7842559226479924E-01   0.5148758933368219E-01   0.5048406274117020E-01
   0.9105000160440094E+00   0.2500000000000000E+00   0.7909414264152739E-01   0.1114392278756022E+00   0.1090473244445770E+00
   0.9303041176281702E+00   0.2500000000000000E+00   0.7958340734955162E-01   0.1727274317905728E+00   0.1689036030064912E+00
   0.9480116801547435E+00   0.2500000000000000E+00   0.7990090579127855E-01   0.2347969798424206E+00   0.2295065234970920E+00
   0.9635365052796472E+00   0.2500000000000000E+00   0.8006151617970128E-01   0.3059367667816421E+00   0.2989695665391655E+00
   0.9768030096145187E+00   0.2500000000000000E+00   0.8006823603187847E-01   0.3811938408805579E+00   0.3724548159415013E+00
   0.9877466381732143E+00   0.2500000000000000E+00   0.7994201476234375E-01   0.4702644128625761E+00   0.4594108592291227E+00
   0.9963141156799258E+00   0.2500000000000000E+00   0.7970486059858629E-01   0.5488089734407023E+00   0.5360884618708985E+00
ZONE T="BLADE r/R= 0.500", I=  80 F=POINT
   0.9962377104466761E+00   0.5000000000000000E+00  -0.4293803806258505E-02   0.3479518973982476E+00   0.9830506136111815E+00
   0.9876687219335362E+00   0.5000000000000000E+00  -0.3581541404233452E-02   0.2966261227591336E+00   0.8380389531720529E+00
   0.9767233666458636E+00   0.5000000000000000E+00  -0.2868663785669015E-02   0.2435369054645930E+00   0.6880480139367285E+00
   0.9634551155814887E+00   0.5000000000000000E+00  -0.2169917723849774E-02   0.2049598969046812E+00   0.5790606150956495E+00
   0.9479287733147671E+00   0.5000000000000000E+00  -0.1501977099246453E-02   0.1760802302990816E+00   0.4974833724127894E+00
   0.9302201092310189E+00   0.5000000000000000E+00  -0.8666963778701717E-03   0.1558209622355253E+00   0.4402699722413004E+00
   0.9104154718214909E+00   0.5000000000000000E+00  -0.2534038945676464E-03   0.1408808693987920E+00   0.3980912395957750E+00
   0.8886115127785714E+00   0.5000000000000000E+00   0.3356926335833227E-03   0.1305587602531372E+00   0.3689651943721197E+00
   0.8649145336455037E+00   0.5000000000000000E+00   0.9163341407230489E-03   0.1253576018205450E+00   0.3543160138651970E+00
   0.8394400364787372E+00   0.5000000000000000E+00   0.1512141264813821E-02   0.1241045822734491E+00   0.3508245524577548E+00
   0.8123121849097624E+00   0.5000000000000000E+00   0.2144686125449339E-02   0.1248962627335521E+00   0.3531086291894530E+00
   0.7836631326227498E+00   0.5000000000000000E+00   0.2826472602427645E-02   0.1186680555874306E+00   0.3355307036764638E+00
   0.7536328576417923E+00   0.5000000000000000E+00   0.3461714272051820E-02   0.1076055099232545E+00   0.3042754701750203E+00
   0.7223675710017412E+00   0.5000000000000000E+00   0.4028701605854467E-02   0.9664638621041634E-01   0.2733094775337606E+00
   0.6900195565010655E+00   0.5000000000000000E+00   0.4520435243005827E-02   0.8735459277329112E-01   0.2470511675499434E+00
   0.6567463168236448E+00   0.5000000000000000E+00   0.4944027096626866E-02   0.7932632776649594E-01   0.2243676061790125E+00
   0.6227098900489302E+00   0.5000000000000000E+00   0.5297791988044532E-02   0.7286882764240027E-01   0.2061217444562965E+00
   0.5880759821968854E+00   0.5000000000000000E+00   0.5591670379274264E-02   0.6839772525901544E-01   0.1934905748586229E+00
   0.5530132087601466E+00   0.5000000000000000E+00   0.5838367774587851E-02   0.6579016325726489E-01   0.1861290457766636E+00
   0.5176922712638555E+00   0.5000000000000000E+00   0.6049579585777195E-02   0.6480359698711370E-01   0.1833489289795508E+00
   0.4822851258477949E+00   0.5000000000000000E+00   0.6235488892275829E-02   0.6517542665801689E-01   0.1844105364752979E+00
   0.4469641436172984E+00   0.5000000000000000E+00   0.6404451352499955E-02   0.6761939000297471E-01   0.1913283771051349E+00
   0.4119012968095552E+00   0.5000000000000000E+00   0.6574593331134910E-02   0.7377228849897380E-01   0.2087295671454749E+00
   0.3772673795711844E+00   0.5000000000000000E+00   0.6783556692984138E-02   0.8096640535914254E-01   0.2290767151757714E+00
   0.3432309878162463E+00   0.5000000000000000E+00   0.7025523507836653E-02   0.8835821907823102E-01   0.2499861105729976E+00
   0.3099578905511488E+00   0.5000000000000000E+00   0.7301810865369942E-02   0.9647896796275748E-01   0.2729565866466332E+00
   0.2776101513083605E+00   0.5000000000000000E+00   0.7615966802587646E-02   0.1054756245205983E+00   0.2984013700760739E+00
   0.2463453509258827E+00   0.5000000000000000E+00   0.7969842862916906E-02   0.1151594933606105E+00   0.3257920470952845E+00
   0.2163158007992354E+00   0.5000000000000000E+00   0.8362169356872718E-02   0.1253364952701122E+00   0.3545777445475867E+00
   0.1876677878342622E+00   0.5000000000000000E+00   0.8786417456450217E-02   0.1387769867882426E+00   0.3925811845888174E+00
   0.1605410410431003E+00   0.5000000000000000E+00   0.9265787297869778E-02   0.1550617162136002E+00   0.4386209199018468E+00
   0.1350677531237439E+00   0.5000000000000000E+00   0.9803695700399675E-02   0.1729501410810640E+00   0.4891915901728857E+00
   0.1113720724352409E+00   0.5000000000000000E+00   0.1039361465481705E-01   0.1931250817186741E+00   0.5462239809462200E+00
   0.8956953367321406E-01   0.5000000000000000E+00   0.1103135114729912E-01   0.2177743224971757E+00   0.6158895508776866E+00
   0.6976648784963661E-01   0.5000000000000000E+00   0.1172091502661407E-01   0.2489011815268147E+00   0.7038578112790955E+00
   0.5205953583166717E-01   0.5000000000000000E+00   0.1246694993418421E-01   0.2867125590206918E+00   0.8107199296294777E+00
   0.3653499779823825E-01   0.5000000000000000E+00   0.1325740063101340E-01   0.3375164724107532E+00   0.9542976079820398E+00
   0.2326866167404020E-01   0.5000000000000000E+00   0.1409480277240806E-01   0.4117245906622690E+00   0.1164019763893135E+01
   0.1232529029129371E-01   0.5000000000000000E+00   0.1498772863875562E-01   0.5219913847854508E+00   0.1475735059648110E+01
   0.3758389194209999E-02   0.5000000000000000E+00   0.1597286243852418E-01   0.9027107506093026E+00   0.2552523153120652E+01
   0.3768812472887751E-02   0.5000000000000000E+00   0.1867803481044604E-01  -0.6636307025442525E+00  -0.1879774732902167E+01
   0.1233744206316378E-01   0.5000000000000000E+00   0.2074030368834862E-01  -0.7417922014375973E+00  -0.2097722615051829E+01
   0.2328367280090985E-01   0.5000000000000000E+00   0.2240850070441884E-01  -0.6182050581999762E+00  -0.1747626872238287E+01
   0.3655252606137392E-01   0.5000000000000000E+00   0.2412420871917240E-01  -0.5576366563098056E+00  -0.1576096399777017E+01
   0.5207924390220949E-01   0.5000000000000000E+00   0.2592453723322370E-01  -0.5160003833787409E+00  -0.1458241164819019E+01
   0.6978799724388780E-01   0.5000000000000000E+00   0.2784297539807119E-01  -0.4884226582306845E+00  -0.1380178499220122E+01
   0.8959237500250843E-01   0.5000000000000000E+00   0.2988789595271632E-01  -0.4675095566674080E+00  -0.1320986183435765E+01
   0.1113957729996652E+00   0.5000000000000000E+00   0.3205930162733375E-01  -0.4497309580714391E+00  -0.1270685813801904E+01
   0.1350918927959290E+00   0.5000000000000000E+00   0.3434642731774022E-01  -0.4332730949495779E+00  -0.1224139721401600E+01
   0.1605652503857035E+00   0.5000000000000000E+00   0.3673746900369441E-01  -0.4203116597571260E+00  -0.1187482483776741E+01
   0.1876916478389022E+00   0.5000000000000000E+00   0.3924507337571079E-01  -0.4096197316842068E+00  -0.1157243893392562E+01
   0.2163389373485194E+00   0.5000000000000000E+00   0.4185273893204234E-01  -0.3961770769182951E+00  -0.1119248472596680E+01
   0.2463676267777555E+00   0.5000000000000000E+00   0.4452011081763400E-01  -0.3816485533811108E+00  -0.1078194820003770E+01
   0.2776314522960208E+00   0.5000000000000000E+00   0.4724061119975205E-01  -0.3679427489631697E+00  -0.1039473558661561E+01
   0.3099781794890655E+00   0.5000000000000000E+00   0.4999973110473959E-01  -0.3547631165801978E+00  -0.1002244412040550E+01
   0.3432503144415953E+00   0.5000000000000000E+00   0.5278842566745594E-01  -0.3417958405038136E+00  -0.9656205314149059E+00
   0.3772858751664998E+00   0.5000000000000000E+00   0.5559194276803589E-01  -0.3285974117954186E+00  -0.9283493696513675E+00
   0.4119191624428697E+00   0.5000000000000000E+00   0.5839597583086508E-01  -0.3170829174933968E+00  -0.8958354188368711E+00
   0.4469816155829757E+00   0.5000000000000000E+00   0.6121144000690412E-01  -0.3037268100905738E+00  -0.8581250949496647E+00
   0.4823024960754645E+00   0.5000000000000000E+00   0.6399553196770173E-01  -0.2869282654360300E+00  -0.8106954430573966E+00
   0.5177098180016917E+00   0.5000000000000000E+00   0.6671780775175805E-01  -0.2690563533094661E+00  -0.7602342219607883E+00
   0.5530311940711240E+00   0.5000000000000000E+00   0.6936655454474934E-01  -0.2506280900368099E+00  -0.7081999230899272E+00
   0.5880946116210573E+00   0.5000000000000000E+00   0.7192723149076567E-01  -0.2314559999144648E+00  -0.6540630057081380E+00
   0.6227292932055365E+00   0.5000000000000000E+00   0.7438658102528513E-01  -0.2117559257757175E+00  -0.5984343723894806E+00
   0.6567665434705082E+00   0.5000000000000000E+00   0.7673519690143407E-01  -0.1908748442608281E+00  -0.5394671878621748E+00
   0.6900405107855125E+00   0.5000000000000000E+00   0.7895649405405791E-01  -0.1695054730296555E+00  -0.4791156123993215E+00
   0.7223890916325714E+00   0.5000000000000000E+00   0.8104612845606630E-01  -0.1487884921206730E+00  -0.4206067627706617E+00
   0.7536547208241154E+00   0.5000000000000000E+00   0.8301143698982481E-01  -0.1260005249588640E+00  -0.3562413196814684E+00
   0.7836849456423119E+00   0.5000000000000000E+00   0.8483267930968942E-01  -0.1016514165543277E+00  -0.2874593481212148E+00
   0.8123335524185473E+00   0.5000000000000000E+00   0.8651062422010181E-01  -0.6465686966663350E-01  -0.1829311046828175E+00
   0.8394604404200261E+00   0.5000000000000000E+00   0.8793939950998490E-01  -0.2254610470586121E-01  -0.6392659671324831E-01
   0.8649335345730289E+00   0.5000000000000000E+00   0.8909761587734140E-01   0.1957322730211422E-01   0.5510532542915952E-01
   0.8886287279729982E+00   0.5000000000000000E+00   0.8999107322639197E-01   0.6033839447271876E-01   0.1703093731238957E+00
   0.9104305652677609E+00   0.5000000000000000E+00   0.9063458216940405E-01   0.9882137982084209E-01   0.2790567072528318E+00
   0.9302328448084093E+00   0.5000000000000000E+00   0.9105611338797658E-01   0.1370858116184939E+00   0.3871829624675807E+00
   0.9479390386290983E+00   0.5000000000000000E+00   0.9127412772662916E-01   0.1739331614050766E+00   0.4912981327406272E+00
   0.9634629048856269E+00   0.5000000000000000E+00   0.9132381393244922E-01   0.2147441748996697E+00   0.6066094209426378E+00
   0.9767287312639981E+00   0.5000000000000000E+00   0.9121793735693430E-01   0.2564479109918143E+00   0.7244504868863458E+00
   0.9876719238149646E+00   0.5000000000000000E+00   0.9099583707487426E-01   0.3042487140509200E+00   0.8595343853257474E+00
   0.9962391423869864E+00   0.5000000000000000E+00   0.9068874397946944E-01   0.3479541368281656E+00   0.9830568693809405E+00
ZONE T="BLADE r/R= 0.750", I=  80 F=POINT
   0.9961382177238555E+00   0.7500000000000000E+00  -0.9296854729485386E-02   0.1534682839323244E+00   0.9059191809305925E+00
   0.9875707036654618E+00   0.7500000000000000E+00  -0.8930752363083895E-02   0.1328351271657356E+00   0.7841860188152111E+00
   0.9766272634679338E+00   0.7500000000000000E+00  -0.8563313608874733E-02   0.1119099839948634E+00   0.6607330683520548E+00
   0.9633613676607394E+00   0.7500000000000000E+00  -0.8206360755309675E-02   0.9684605247735761E-01   0.5718587040148593E+00
   0.9478377984414811E+00   0.7500000000000000E+00  -0.7869790816101764E-02   0.8581748752007712E-01   0.5067913999266676E+00
   0.9301323454293740E+00   0.7500000000000000E+00  -0.7554191626778006E-02   0.7928776132097820E-01   0.4682859945090740E+00
   0.9103313567290283E+00   0.7500000000000000E+00  -0.7241390661150752E-02   0.7559390062350994E-01   0.4465230272347906E+00
   0.8885315011560269E+00   0.7500000000000000E+00  -0.6926838866049599E-02   0.7470695021294907E-01   0.4413377488100569E+00
   0.8648390752314700E+00   0.7500000000000000E+00  -0.6584577374880812E-02   0.7716173865684849E-01   0.4558948503258634E+00
   0.8393695830931859E+00   0.7500000000000000E+00  -0.6180904882857073E-02   0.8203587168928246E-01   0.4847482437831447E+00
   0.8122471808899733E+00   0.7500000000000000E+00  -0.5686579804648102E-02   0.8779536916039138E-01   0.5188290069224691E+00
   0.7836039740642076E+00   0.7500000000000000E+00  -0.5084190707339744E-02   0.8660790084562564E-01   0.5118317073487157E+00
   0.7535800479967617E+00   0.7500000000000000E+00  -0.4495665506066060E-02   0.8044008970447630E-01   0.4753852827270976E+00
   0.7223215590311065E+00   0.7500000000000000E+00  -0.3948051443192547E-02   0.7354972943830773E-01   0.4346619480026548E+00
   0.6899807883311698E+00   0.7500000000000000E+00  -0.3456884795940287E-02   0.6752980368076955E-01   0.3990823447269529E+00
   0.6567151913860735E+00   0.7500000000000000E+00  -0.3012808573239623E-02   0.6245412217353490E-01   0.3690846944397294E+00
   0.6226867721057135E+00   0.7500000000000000E+00  -0.2616682617102843E-02   0.5835292418505772E-01   0.3448460665540085E+00
   0.5880611909033535E+00   0.7500000000000000E+00  -0.2258984560917968E-02   0.5563552259191063E-01   0.3287877876902675E+00
   0.5530069995715967E+00   0.7500000000000000E+00  -0.1925345874497803E-02   0.5422962449160911E-01   0.3204828673823014E+00
   0.5176948291298535E+00   0.7500000000000000E+00  -0.1603516360326096E-02   0.5398389208825168E-01   0.3190333328377483E+00
   0.4822965550100475E+00   0.7500000000000000E+00  -0.1281677531768995E-02   0.5486854397108533E-01   0.3242627405387405E+00
   0.4469844653384545E+00   0.7500000000000000E+00  -0.9479040312883929E-03   0.5724609176016160E-01   0.3383190611478745E+00
   0.4119304329393113E+00   0.7500000000000000E+00  -0.5830185872648695E-03   0.6187717722225468E-01   0.3656919398662914E+00
   0.3773051175563464E+00   0.7500000000000000E+00  -0.1559897947481063E-03   0.6748455915527421E-01   0.3988346536287755E+00
   0.3432770561186040E+00   0.7500000000000000E+00   0.3304506263585364E-03   0.7347014629035792E-01   0.4342149692076807E+00
   0.3100119198511105E+00   0.7500000000000000E+00   0.8789379324630303E-03   0.8008410974298011E-01   0.4733110227032084E+00
   0.2776716873023024E+00   0.7500000000000000E+00   0.1491243129396050E-02   0.8738534580702609E-01   0.5164669161672417E+00
   0.2464138664965352E+00   0.7500000000000000E+00   0.2168162082109433E-02   0.9524750120425414E-01   0.5629390553499211E+00
   0.2163907085097150E+00   0.7500000000000000E+00   0.2905930134817533E-02   0.1036297540888760E+00   0.6124867165950536E+00
   0.1877484667920077E+00   0.7500000000000000E+00   0.3698550541140332E-02   0.1138030970603575E+00   0.6726135517763473E+00
   0.1606267985020210E+00   0.7500000000000000E+00   0.4559285462753487E-02   0.1255755388846941E+00   0.7421907523657554E+00
   0.1351578873300504E+00   0.7500000000000000E+00   0.5483712011043188E-02   0.1384791347200321E+00   0.8184582677404295E+00
   0.1114659074332509E+00   0.7500000000000000E+00   0.6463113686067118E-02   0.1527923331888154E+00   0.9030599756389808E+00
   0.8966639527295486E-01   0.7500000000000000E+00   0.7488420614821164E-02   0.1696070350235080E+00   0.1002451317428029E+01
   0.6986572206421300E-01   0.7500000000000000E+00   0.8556153417933480E-02   0.1900034562369731E+00   0.1123012964602227E+01
   0.5216052568449930E-01   0.7500000000000000E+00   0.9662719388187038E-02   0.2143496359966326E+00   0.1266906717788066E+01
   0.3663716813871828E-01   0.7500000000000000E+00   0.1079304308712216E-01   0.2465284150700359E+00   0.1457060137294202E+01
   0.2337146839653634E-01   0.7500000000000000E+00   0.1194966447801462E-01   0.2927405218245587E+00   0.1730096804458233E+01
   0.1242815664901976E-01   0.7500000000000000E+00   0.1314160949608458E-01   0.3682739420263994E+00   0.2176389723394573E+01
   0.3860011784328757E-02   0.7500000000000000E+00   0.1443507778646362E-01   0.6287553930383798E+00   0.3714504519094600E+01
   0.3865414270339468E-02   0.7500000000000000E+00   0.1791935821210284E-01  -0.8877816237722002E+00  -0.5250186218619845E+01
   0.1243199274954395E-01   0.7500000000000000E+00   0.1995001282449967E-01  -0.5923097250250837E+00  -0.3501225736122558E+01
   0.2337576372745300E-01   0.7500000000000000E+00   0.2165944449195345E-01  -0.4489641335101492E+00  -0.2653656377856766E+01
   0.3664203671620522E-01   0.7500000000000000E+00   0.2338074882184596E-01  -0.3842873754587763E+00  -0.2271298818840449E+01
   0.5216601937674731E-01   0.7500000000000000E+00   0.2515243727480513E-01  -0.3435253369229778E+00  -0.2030346696695183E+01
   0.6987183439463145E-01   0.7500000000000000E+00   0.2700711403547093E-01  -0.3163928559720253E+00  -0.1869946351886895E+01
   0.8967305340262931E-01   0.7500000000000000E+00   0.2894850726319475E-01  -0.2957699995254140E+00  -0.1748007818748826E+01
   0.1114730266544057E+00   0.7500000000000000E+00   0.3097588350663511E-01  -0.2789013636763586E+00  -0.1648257479110754E+01
   0.1351654084942575E+00   0.7500000000000000E+00   0.3307955139574271E-01  -0.2640497629064116E+00  -0.1560433460905952E+01
   0.1606346748446920E+00   0.7500000000000000E+00   0.3524707368583257E-01  -0.2520223321337951E+00  -0.1489310179801835E+01
   0.1877565653552857E+00   0.7500000000000000E+00   0.3748847669966214E-01  -0.2420495751221141E+00  -0.1430336429502587E+01
   0.2163988964685860E+00   0.7500000000000000E+00   0.3978959646098872E-01  -0.2315919829526631E+00  -0.1368511422159378E+01
   0.2464221462204627E+00   0.7500000000000000E+00   0.4212227715833479E-01  -0.2213278784895299E+00  -0.1307841426359158E+01
   0.2776800117749694E+00   0.7500000000000000E+00   0.4448148528329211E-01  -0.2120289835926250E+00  -0.1252878874397497E+01
   0.3100202495825403E+00   0.7500000000000000E+00   0.4685760894257346E-01  -0.2036111239156531E+00  -0.1203126863808651E+01
   0.3432853578776215E+00   0.7500000000000000E+00   0.4924673147381489E-01  -0.1958570225819391E+00  -0.1157300676224858E+01
   0.3773133783842111E+00   0.7500000000000000E+00   0.5163961108113477E-01  -0.1884454140578480E+00  -0.1113500478362807E+01
   0.4119386601245718E+00   0.7500000000000000E+00   0.5402741343435663E-01  -0.1822373604981434E+00  -0.1076815562303442E+01
   0.4469926393974861E+00   0.7500000000000000E+00   0.5642019218157317E-01  -0.1756236558625235E+00  -0.1037740040493692E+01
   0.4823047188534572E+00   0.7500000000000000E+00   0.5878679243055118E-01  -0.1676128676455657E+00  -0.9904136528723140E+00
   0.5177030207303811E+00   0.7500000000000000E+00   0.6110510732258643E-01  -0.1593924229295107E+00  -0.9418489964451683E+00
   0.5530152498934404E+00   0.7500000000000000E+00   0.6336936931764536E-01  -0.1511858939372150E+00  -0.8933721434593866E+00
   0.5880695205627905E+00   0.7500000000000000E+00   0.6556894449940831E-01  -0.1428142941602336E+00  -0.8439255537836069E+00
   0.6226951882170385E+00   0.7500000000000000E+00   0.6769473619043544E-01  -0.1344464626778378E+00  -0.7945036300085430E+00
   0.6567236864471281E+00   0.7500000000000000E+00   0.6974141082441301E-01  -0.1257088028860808E+00  -0.7429047428774698E+00
   0.6899893081526424E+00   0.7500000000000000E+00   0.7169706807242335E-01  -0.1167540487993155E+00  -0.6900281645367762E+00
   0.7223300501237365E+00   0.7500000000000000E+00   0.7355745740543619E-01  -0.1083804532980904E+00  -0.6405888083771676E+00
   0.7535884451325469E+00   0.7500000000000000E+00   0.7533178889026701E-01  -0.9892147506138202E-01  -0.5847408491634856E+00
   0.7836121527852601E+00   0.7500000000000000E+00   0.7699991829057762E-01  -0.8843130724614463E-01  -0.5228048579218226E+00
   0.8122550213730469E+00   0.7500000000000000E+00   0.7856249659864635E-01  -0.6875904762933102E-01  -0.4066112278756968E+00
   0.8393769647700945E+00   0.7500000000000000E+00   0.7989024399095385E-01  -0.4465057787276216E-01  -0.2642012908391834E+00
   0.8648458890940991E+00   0.7500000000000000E+00   0.8096614198913928E-01  -0.2081268055071591E-01  -0.1233949985393167E+00
   0.8885376511706713E+00   0.7500000000000000E+00   0.8180006056403330E-01   0.1558036512856922E-02   0.8738731462794120E-02
   0.9103367484697015E+00   0.7500000000000000E+00   0.8241344536135031E-01   0.2184290815966414E-01   0.1285442301965804E+00
   0.9301369149458694E+00   0.7500000000000000E+00   0.8283743141273808E-01   0.4162533518864958E-01   0.2453806496368273E+00
   0.9478415274369202E+00   0.7500000000000000E+00   0.8308838203389443E-01   0.6013292922426650E-01   0.3546847695350953E+00
   0.9633642725246629E+00   0.7500000000000000E+00   0.8319875906872397E-01   0.8043031566607535E-01   0.4745559699043035E+00
   0.9766293433054506E+00   0.7500000000000000E+00   0.8317828240941129E-01   0.1016509392081307E+00   0.5998677087886113E+00
   0.9875720481506653E+00   0.7500000000000000E+00   0.8305651899208225E-01   0.1280800725574535E+00   0.7559587311021636E+00
   0.9961389660202662E+00   0.7500000000000000E+00   0.8284682208847996E-01   0.1534688077749772E+00   0.9059223138176200E+00
ZONE T="BLADE r/R= 0.900", I=  80 F=POINT
   0.9959039430203339E+00   0.9000000000000000E+00  -0.1069382799518778E-02   0.2549496102573617E-01   0.2116210373296461E+00
   0.9873450832102130E+00   0.9000000000000000E+00  -0.1034766031647445E-02   0.2464970580465990E-01   0.2046769309200178E+00
   0.9764123561625480E+00   0.9000000000000000E+00  -0.9969494997724574E-03   0.2573526167911942E-01   0.2139319621680730E+00
   0.9631589407602312E+00   0.9000000000000000E+00  -0.9433793461184325E-03   0.2841883489660933E-01   0.2365789832694595E+00
   0.9476492815157680E+00   0.9000000000000000E+00  -0.8822430761467855E-03   0.2944946361643805E-01   0.2453367200241200E+00
   0.9299588247065771E+00   0.9000000000000000E+00  -0.8181961446608381E-03   0.3136048772158678E-01   0.2613808479254180E+00
   0.9101735555266084E+00   0.9000000000000000E+00  -0.7382166346211235E-03   0.3380943824420085E-01   0.2819083083697669E+00
   0.8883897958496066E+00   0.9000000000000000E+00  -0.6413198300826352E-03   0.3712094301983167E-01   0.3096179567378673E+00
   0.8647134980362237E+00   0.9000000000000000E+00  -0.5120565220543448E-03   0.4210241321791544E-01   0.3512520836322637E+00
   0.8392598563626914E+00   0.9000000000000000E+00  -0.3279676233870166E-03   0.4832272247870229E-01   0.4032234293373497E+00
   0.8121527531455937E+00   0.9000000000000000E+00  -0.6908453721342151E-04   0.5466178299485311E-01   0.4561765921664858E+00
   0.7835240521863587E+00   0.9000000000000000E+00   0.2760656130017221E-03   0.5447981264849321E-01   0.4546589045342203E+00
   0.7535137106315885E+00   0.9000000000000000E+00   0.6147862398881888E-03   0.4993885907273284E-01   0.4167407839155476E+00
   0.7222677458669045E+00   0.9000000000000000E+00   0.9269551074372501E-03   0.4479353953848984E-01   0.3737770875318684E+00
   0.6899383944184917E+00   0.9000000000000000E+00   0.1202043199319458E-02   0.4045701730476444E-01   0.3375686791552229E+00
   0.6566831318218171E+00   0.9000000000000000E+00   0.1448379192596183E-02   0.3701152134783927E-01   0.3088103888212111E+00
   0.6226640498131935E+00   0.9000000000000000E+00   0.1667308853016799E-02   0.3451039770413638E-01   0.2879442073202024E+00
   0.5880469534047083E+00   0.9000000000000000E+00   0.1868606685828207E-02   0.3329207057260863E-01   0.2777930171440245E+00
   0.5530005863090758E+00   0.9000000000000000E+00   0.2065334315267427E-02   0.3323040727176087E-01   0.2773085323680851E+00
   0.5176958069294506E+00   0.9000000000000000E+00   0.2268327053185880E-02   0.3394883816366719E-01   0.2833410088718613E+00
   0.4823047413958044E+00   0.9000000000000000E+00   0.2483037753843267E-02   0.3516815467356001E-01   0.2935411393363661E+00
   0.4469999369003720E+00   0.9000000000000000E+00   0.2713460038713270E-02   0.3717369648699530E-01   0.3102833492182391E+00
   0.4119535174855293E+00   0.9000000000000000E+00   0.2970411541956566E-02   0.4071123099903418E-01   0.3398113062896947E+00
   0.3773363711158484E+00   0.9000000000000000E+00   0.3275122977284567E-02   0.4529030876310575E-01   0.3780439689475926E+00
   0.3433172422957645E+00   0.9000000000000000E+00   0.3632022576846243E-02   0.5056503668807995E-01   0.4221064346074808E+00
   0.3100619574986342E+00   0.9000000000000000E+00   0.4046664615204205E-02   0.5655982340062466E-01   0.4721966406091438E+00
   0.2777325979007916E+00   0.9000000000000000E+00   0.4522578210336256E-02   0.6321895747227257E-01   0.5278333294430341E+00
   0.2464867199762811E+00   0.9000000000000000E+00   0.5061303981091060E-02   0.7027561023081273E-01   0.5867907004631909E+00
   0.2164765505490994E+00   0.9000000000000000E+00   0.5658587800764794E-02   0.7766988239710125E-01   0.6485675475977508E+00
   0.1878482570719029E+00   0.9000000000000000E+00   0.6309692101533756E-02   0.8607407012478557E-01   0.7187755862142761E+00
   0.1607413353722208E+00   0.9000000000000000E+00   0.7018608714759795E-02   0.9534081966388526E-01   0.7961848724014867E+00
   0.1352877550320907E+00   0.9000000000000000E+00   0.7780056588013080E-02   0.1053736702456850E+00   0.8799858657093237E+00
   0.1116114350556238E+00   0.9000000000000000E+00   0.8587776212753541E-02   0.1163198663084690E+00   0.9714037878692071E+00
   0.8982759469439976E-01   0.9000000000000000E+00   0.9434072701366687E-02   0.1288482206024755E+00   0.1076026953141079E+01
   0.7004225266319657E-01   0.9000000000000000E+00   0.1031553354094178E-01   0.1438133643208782E+00   0.1200991374645010E+01
   0.5235169036346841E-01   0.9000000000000000E+00   0.1123118480341492E-01   0.1616615778483293E+00   0.1350025316476880E+01
   0.3684189573413256E-01   0.9000000000000000E+00   0.1217494045791227E-01   0.1844602902272098E+00   0.1540385526563245E+01
   0.2358832038215053E-01   0.9000000000000000E+00   0.1315150492723022E-01   0.2151055507415175E+00   0.1796219547439631E+01
   0.1265533129172748E-01   0.9000000000000000E+00   0.1417793172571548E-01   0.2590255622234213E+00   0.2162607631843198E+01
   0.4095190158598330E-02   0.9000000000000000E+00   0.1534121482613294E-01   0.2030058382008856E+00   0.1688093124453886E+01
   0.4098462798895705E-02   0.9000000000000000E+00   0.1837877070467496E-01  -0.1018854699737335E+01  -0.8515642854006700E+01
   0.1265547153414988E-01   0.9000000000000000E+00   0.2003677358774868E-01  -0.5927954948189126E+00  -0.4954924974506365E+01
   0.2358781836339564E-01   0.9000000000000000E+00   0.2140373454357965E-01  -0.4161955078468945E+00  -0.3478109325902542E+01
   0.3684106477006571E-01   0.9000000000000000E+00   0.2274690574747851E-01  -0.3423905260458566E+00  -0.2860959677270742E+01
   0.5235075191985527E-01   0.9000000000000000E+00   0.2410259066428814E-01  -0.2977647025454800E+00  -0.2487869249443976E+01
   0.7004136267236888E-01   0.9000000000000000E+00   0.2549835780979881E-01  -0.2683844024764492E+00  -0.2242308935108937E+01
   0.8982685126018541E-01   0.9000000000000000E+00   0.2693520069252695E-01  -0.2461786970728894E+00  -0.2056729924726414E+01
   0.1116109321719586E+00   0.9000000000000000E+00   0.2841322364304916E-01  -0.2286120623213465E+00  -0.1909924018664918E+01
   0.1352875944808956E+00   0.9000000000000000E+00   0.2992792788284947E-01  -0.2138769781536340E+00  -0.1786792064143023E+01
   0.1607416123528185E+00   0.9000000000000000E+00   0.3147224566749288E-01  -0.2020072487264778E+00  -0.1687604785277463E+01
   0.1878489757675178E+00   0.9000000000000000E+00   0.3305182103448553E-01  -0.1921341731900267E+00  -0.1605097081498100E+01
   0.2164776970824524E+00   0.9000000000000000E+00   0.3465615905596129E-01  -0.1824548635807332E+00  -0.1524212677232772E+01
   0.2464883676795905E+00   0.9000000000000000E+00   0.3626886824834314E-01  -0.1733335465033262E+00  -0.1447998745791631E+01
   0.2777347406689811E+00   0.9000000000000000E+00   0.3788534889995691E-01  -0.1651355746667326E+00  -0.1379503979667500E+01
   0.3100645648382663E+00   0.9000000000000000E+00   0.3949882206306200E-01  -0.1578631818321504E+00  -0.1318746038210351E+01
   0.3433202602473468E+00   0.9000000000000000E+00   0.4110735125341939E-01  -0.1514559532308643E+00  -0.1265228586131683E+01
   0.3773397350820881E+00   0.9000000000000000E+00   0.4270705804835652E-01  -0.1457112760675958E+00  -0.1217259573405680E+01
   0.4119571579696050E+00   0.9000000000000000E+00   0.4429477469332024E-01  -0.1412276418482591E+00  -0.1179831647471131E+01
   0.4470037428293055E+00   0.9000000000000000E+00   0.4588092937937126E-01  -0.1367714960102927E+00  -0.1142637384530033E+01
   0.4823086512651829E+00   0.9000000000000000E+00   0.4744505027911898E-01  -0.1312438814533715E+00  -0.1096484792587749E+01
   0.5176997512501788E+00   0.9000000000000000E+00   0.4896940569473974E-01  -0.1252933157775707E+00  -0.1046784175359909E+01
   0.5530044950422137E+00   0.9000000000000000E+00   0.5044597010136509E-01  -0.1192384862351137E+00  -0.9961968062290861E+00
   0.5880507636968644E+00   0.9000000000000000E+00   0.5186657751017048E-01  -0.1132597300347844E+00  -0.9462388376442299E+00
   0.6226677069663505E+00   0.9000000000000000E+00   0.5322719813309747E-01  -0.1077427914499595E+00  -0.9001486863231845E+00
   0.6566865953097124E+00   0.9000000000000000E+00   0.5452939089276850E-01  -0.1025209732507259E+00  -0.8565368099246260E+00
   0.6899416116767813E+00   0.9000000000000000E+00   0.5576980654947467E-01  -0.9763121698267010E-01  -0.8157036830688175E+00
   0.7222706975920258E+00   0.9000000000000000E+00   0.5694975079893144E-01  -0.9358255539999775E-01  -0.7819018382791804E+00
   0.7535163975281406E+00   0.9000000000000000E+00   0.5807952529193303E-01  -0.8936606903700665E-01  -0.7467098960885825E+00
   0.7835264484331027E+00   0.9000000000000000E+00   0.5914998660847062E-01  -0.8508160737364608E-01  -0.7109585226667295E+00
   0.8121548564757588E+00   0.9000000000000000E+00   0.6016720902393226E-01  -0.7615405496150120E-01  -0.6364754897835055E+00
   0.8392616875021941E+00   0.9000000000000000E+00   0.6105508053189561E-01  -0.6521124210855951E-01  -0.5451889606088232E+00
   0.8647150835589200E+00   0.9000000000000000E+00   0.6180337922476623E-01  -0.5467447522382567E-01  -0.4572931735598147E+00
   0.8883911682960361E+00   0.9000000000000000E+00   0.6241773314065067E-01  -0.4502790851314615E-01  -0.3768239864740816E+00
   0.9101747319607457E+00   0.9000000000000000E+00   0.6290812094299304E-01  -0.3641923544338680E-01  -0.3050139370802211E+00
   0.9299598251053053E+00   0.9000000000000000E+00   0.6328923392689956E-01  -0.2790263637935481E-01  -0.2339642205437293E+00
   0.9476501407037025E+00   0.9000000000000000E+00   0.6356540846464236E-01  -0.1969035339560683E-01  -0.1654405672127865E+00
   0.9631596950803343E+00   0.9000000000000000E+00   0.6374841605984567E-01  -0.1050370135891030E-01  -0.8879662916414757E-01
   0.9764129872123281E+00   0.9000000000000000E+00   0.6384176680652015E-01  -0.1150514471586701E-02  -0.1076715570420540E-01
   0.9873456087382043E+00   0.9000000000000000E+00   0.6386306275548213E-01   0.1216666836337486E-01   0.1003790236459001E+00
   0.9959043924543133E+00   0.9000000000000000E+00   0.6379901079534010E-01   0.2549513886068318E-01   0.2116225481119750E+00
ZONE T="BLADE r/R= 0.950", I=  80 F=POINT
   0.9952696353415111E+00   0.9500000000000000E+00   0.5782020710434399E-02  -0.6125725264176674E-01  -0.5696787935901422E+00
   0.9867398941843455E+00   0.9500000000000000E+00   0.5711134898778149E-02  -0.5343858542328653E-01  -0.4970387484007274E+00
   0.9758429660189973E+00   0.9500000000000000E+00   0.5633687794985086E-02  -0.4344435620680814E-01  -0.4043507394180516E+00
   0.9626308939212371E+00   0.9500000000000000E+00   0.5561174856267737E-02  -0.2745636991630118E-01  -0.2560504354384689E+00
   0.9471668457804179E+00   0.9500000000000000E+00   0.5526976012697844E-02  -0.1099245415328139E-01  -0.1029642958479196E+00
   0.9295248995976682E+00   0.9500000000000000E+00   0.5517095708750307E-02  -0.2074895781963257E-02  -0.1994660531321240E-01
   0.9097896518646102E+00   0.9500000000000000E+00   0.5521149356372290E-02   0.2776353730739019E-02   0.2504730088286632E-01
   0.8880560626424827E+00   0.9500000000000000E+00   0.5539008837634782E-02   0.7765931495776681E-02   0.7122690345925514E-01
   0.8644287954534593E+00   0.9500000000000000E+00   0.5579712214692579E-02   0.1376297132843101E-01   0.1268167355979257E+00
   0.8390218893949460E+00   0.9500000000000000E+00   0.5655232968845801E-02   0.2018119715960170E-01   0.1863680582304566E+00
   0.8119582400031342E+00   0.9500000000000000E+00   0.5775204398871771E-02   0.2607058973929686E-01   0.2409422841828995E+00
   0.7833689316440008E+00   0.9500000000000000E+00   0.5945142580634360E-02   0.2600528198296092E-01   0.2402996817891503E+00
   0.7533933359503966E+00   0.9500000000000000E+00   0.6108614281199976E-02   0.2246408185722109E-01   0.2074975048923080E+00
   0.7221771138293126E+00   0.9500000000000000E+00   0.6254254640967188E-02   0.1864759665539119E-01   0.1721665878068682E+00
   0.6898724456066595E+00   0.9500000000000000E+00   0.6377405021339516E-02   0.1565053742689296E-01   0.1444069297607449E+00
   0.6566370233503134E+00   0.9500000000000000E+00   0.6483279702840152E-02   0.1350732298705179E-01   0.1245562936294535E+00
   0.6226334134116331E+00   0.9500000000000000E+00   0.6574838795245899E-02   0.1258914408833275E-01   0.1160840986920082E+00
   0.5880281210274920E+00   0.9500000000000000E+00   0.6664797314230977E-02   0.1351526540588716E-01   0.1247293639084154E+00
   0.5529907752009504E+00   0.9500000000000000E+00   0.6772171387793694E-02   0.1599125082118511E-01   0.1477569107263536E+00
   0.5176932607057031E+00   0.9500000000000000E+00   0.6909664375132980E-02   0.1872858519223412E-01   0.1731919532073329E+00
   0.4823088168895688E+00   0.9500000000000000E+00   0.7074961510987427E-02   0.2011626261192118E-01   0.1860385098888128E+00
   0.4470111366240189E+00   0.9500000000000000E+00   0.7247699521194438E-02   0.2024372170184519E-01   0.1871357659762421E+00
   0.4119734657160072E+00   0.9500000000000000E+00   0.7418129223868934E-02   0.2104888449022930E-01   0.1944912116231515E+00
   0.3773677351725007E+00   0.9500000000000000E+00   0.7600338199421539E-02   0.2312278413295657E-01   0.2136111512547026E+00
   0.3433635953286892E+00   0.9500000000000000E+00   0.7802238191491086E-02   0.2665422526203009E-01   0.2462520535176282E+00
   0.3101276031287565E+00   0.9500000000000000E+00   0.8038477439077960E-02   0.3199492229874071E-01   0.2956869313864524E+00
   0.2778223519658525E+00   0.9500000000000000E+00   0.8324164167529369E-02   0.3888651956606170E-01   0.3595514109905849E+00
   0.2466056636866052E+00   0.9500000000000000E+00   0.8668633469369929E-02   0.4635043961027847E-01   0.4287789305820545E+00
   0.2166297666346125E+00   0.9500000000000000E+00   0.9068512427266921E-02   0.5365703906638736E-01   0.4965413207590338E+00
   0.1880405525192368E+00   0.9500000000000000E+00   0.9517272135306438E-02   0.6113369345640251E-01   0.5658225095135951E+00
   0.1609769805013498E+00   0.9500000000000000E+00   0.1001436017870657E-01   0.6879501940443045E-01   0.6367899201737385E+00
   0.1355702343499698E+00   0.9500000000000000E+00   0.1055563305027984E-01   0.7675802120014480E-01   0.7105308320548404E+00
   0.1119432190891282E+00   0.9500000000000000E+00   0.1113796435673961E-01   0.8520442332472991E-01   0.7886997028365660E+00
   0.9020995705067550E-01   0.9500000000000000E+00   0.1175770547180162E-01   0.9434173237055883E-01   0.8732176262288298E+00
   0.7047514096901002E-01   0.9500000000000000E+00   0.1241262316413436E-01   0.1041553035160393E+00   0.9639664316295744E+00
   0.5283363372104136E-01   0.9500000000000000E+00   0.1310327338773263E-01   0.1142352446008549E+00   0.1057103882530910E+01
   0.3736997079293691E-01   0.9500000000000000E+00   0.1383539404812913E-01   0.1228845070647819E+00   0.1136762653757152E+01
   0.2415818047018817E-01   0.9500000000000000E+00   0.1460959329494710E-01   0.1243515453721321E+00   0.1149314637895956E+01
   0.1326125876998943E-01   0.9500000000000000E+00   0.1544142811478085E-01   0.7895679147795365E-01   0.7248212048602930E+00
   0.4729771392930975E-02   0.9500000000000000E+00   0.1647812216966358E-01  -0.4879483176677902E+00  -0.4542656301851437E+01
   0.4731322433175710E-02   0.9500000000000000E+00   0.1886783241306995E-01  -0.1146391621435555E+01  -0.1062963508050546E+02
   0.1325649031391799E-01   0.9500000000000000E+00   0.2030313801105285E-01  -0.7706736482889778E+00  -0.7149248042857230E+01
   0.2415112421532990E-01   0.9500000000000000E+00   0.2142410452975416E-01  -0.5020765797809349E+00  -0.4656701236901456E+01
   0.3736136936025644E-01   0.9500000000000000E+00   0.2251045225922559E-01  -0.3987955781433907E+00  -0.3698403328668528E+01
   0.5282405811966559E-01   0.9500000000000000E+00   0.2357440171249604E-01  -0.3323405194806210E+00  -0.3081441963455545E+01
   0.7046507549907366E-01   0.9500000000000000E+00   0.2464406506093634E-01  -0.2918370999866842E+00  -0.2705402087309857E+01
   0.9019982134690958E-01   0.9500000000000000E+00   0.2573285846003229E-01  -0.2642650189268957E+00  -0.2449672689946617E+01
   0.1119334208281881E+00   0.9500000000000000E+00   0.2684305242508330E-01  -0.2427988640845166E+00  -0.2250755071681532E+01
   0.1355611760934818E+00   0.9500000000000000E+00   0.2796819424529527E-01  -0.2245771804617986E+00  -0.2081879923027660E+01
   0.1609690223738098E+00   0.9500000000000000E+00   0.2910278596894475E-01  -0.2098895804330737E+00  -0.1945671216135281E+01
   0.1880339132701554E+00   0.9500000000000000E+00   0.3025100574612843E-01  -0.1980914816578732E+00  -0.1836254646239085E+01
   0.2166246009135227E+00   0.9500000000000000E+00   0.3140731240868117E-01  -0.1870889588531221E+00  -0.1734249213372563E+01
   0.2466021595125517E+00   0.9500000000000000E+00   0.3255903109791998E-01  -0.1768503818954677E+00  -0.1639325038261480E+01
   0.2778205417130495E+00   0.9500000000000000E+00   0.3370116502199690E-01  -0.1678226289430998E+00  -0.1555620617198651E+01
   0.3101274275010050E+00   0.9500000000000000E+00   0.3482855763290327E-01  -0.1603403743089391E+00  -0.1486289577600040E+01
   0.3433649084253657E+00   0.9500000000000000E+00   0.3594378701156871E-01  -0.1548343291697716E+00  -0.1435344677308482E+01
   0.3773703217745134E+00   0.9500000000000000E+00   0.3705404390295319E-01  -0.1511903104706663E+00  -0.1401706474600616E+01
   0.4119770580420775E+00   0.9500000000000000E+00   0.3816667492245393E-01  -0.1494841322404916E+00  -0.1386034827523028E+01
   0.4470153838353688E+00   0.9500000000000000E+00   0.3929567413397732E-01  -0.1476506749217260E+00  -0.1369166714022256E+01
   0.4823134010689763E+00   0.9500000000000000E+00   0.4042214482695541E-01  -0.1434759300066792E+00  -0.1330534601951335E+01
   0.5176978510508388E+00   0.9500000000000000E+00   0.4152062546804776E-01  -0.1371001155698831E+00  -0.1271387076219980E+01
   0.5529950505518889E+00   0.9500000000000000E+00   0.4256935719261794E-01  -0.1296012815413060E+00  -0.1201778745279346E+01
   0.5880317949625173E+00   0.9500000000000000E+00   0.4355564692112668E-01  -0.1224731852225300E+00  -0.1135614740186095E+01
   0.6226362526181102E+00   0.9500000000000000E+00   0.4448101934744045E-01  -0.1166764100215549E+00  -0.1081829017502091E+01
   0.6566388634973029E+00   0.9500000000000000E+00   0.4535211440322454E-01  -0.1121326727807390E+00  -0.1039695821625175E+01
   0.6898731756258023E+00   0.9500000000000000E+00   0.4617339956888596E-01  -0.1086455537265661E+00  -0.1007382516625659E+01
   0.7221767217021031E+00   0.9500000000000000E+00   0.4694959876131683E-01  -0.1061896776168030E+00  -0.9846433316941569E+00
   0.7533918954025723E+00   0.9500000000000000E+00   0.4768897578717692E-01  -0.1040342058522162E+00  -0.9647016323362478E+00
   0.7833665512540268E+00   0.9500000000000000E+00   0.4838858273047571E-01  -0.1022148567072575E+00  -0.9478804961604044E+00
   0.8119550996512960E+00   0.9500000000000000E+00   0.4905487631117044E-01  -0.9874051023632782E-01  -0.9157575344106020E+00
   0.8390182261999528E+00   0.9500000000000000E+00   0.4965575583879819E-01  -0.9478024124270000E-01  -0.8791609048662942E+00
   0.8644248719312277E+00   0.9500000000000000E+00   0.5018672502993109E-01  -0.9099778353530596E-01  -0.8442183273497479E+00
   0.8880521475318881E+00   0.9500000000000000E+00   0.5064975103654434E-01  -0.8741241860456911E-01  -0.8110796882952190E+00
   0.9097859819225946E+00   0.9500000000000000E+00   0.5104612932076216E-01  -0.8395160756306583E-01  -0.7790783337601170E+00
   0.9295216825988358E+00   0.9500000000000000E+00   0.5137669036520916E-01  -0.8020462317402692E-01  -0.7444399263796009E+00
   0.9471642551411940E+00   0.9500000000000000E+00   0.5163633120859269E-01  -0.7652851528764303E-01  -0.7104513981907675E+00
   0.9626290505939695E+00   0.9500000000000000E+00   0.5183647403395174E-01  -0.7283665415470347E-01  -0.6762955002369613E+00
   0.9758418611871980E+00   0.9500000000000000E+00   0.5198245037302339E-01  -0.6847884899122698E-01  -0.6360129603280665E+00
   0.9867394824561612E+00   0.9500000000000000E+00   0.5205199924637847E-01  -0.6356377517852591E-01  -0.5907183037622937E+00
   0.9952698247404241E+00   0.9500000000000000E+00   0.5203509345575484E-01  -0.6125727077808891E-01  -0.5696789496304889E+00
ZONE T="BLADE r/R= 0.995", I=  80 F=POINT
   0.8284695188196063E+00   0.9950000000000000E+00   0.1472173031426025E-01  -0.1807705037765356E+00  -0.1832023255564611E+01
   0.8279175659261482E+00   0.9950000000000000E+00   0.1471415221667786E-01  -0.1693264931479639E+00  -0.1715654865618101E+01
   0.8268391537800086E+00   0.9950000000000000E+00   0.1470198814908759E-01  -0.1609804608956001E+00  -0.1630636119104063E+01
   0.8249829595631107E+00   0.9950000000000000E+00   0.1468470996192913E-01  -0.1537309143831651E+00  -0.1556937953148188E+01
   0.8220692307452721E+00   0.9950000000000000E+00   0.1466266743582713E-01  -0.1400854870571376E+00  -0.1418714592475570E+01
   0.8178039454090528E+00   0.9950000000000000E+00   0.1463601311204383E-01  -0.1338909063826013E+00  -0.1355580069475840E+01
   0.8118935760475083E+00   0.9950000000000000E+00   0.1460419571850454E-01  -0.1264670574068625E+00  -0.1279618772938593E+01
   0.8040548288318988E+00   0.9950000000000000E+00   0.1456308903084535E-01  -0.7484204546959844E-01  -0.7569590260281979E+00
   0.7940252476140290E+00   0.9950000000000000E+00   0.1452184167696898E-01  -0.2025870936725534E-01  -0.2047807535622732E+00
   0.7815772774520173E+00   0.9950000000000000E+00   0.1448947046966890E-01   0.1447893287874480E-01   0.1466202889988859E+00
   0.7665276996597908E+00   0.9950000000000000E+00   0.1447199566882292E-01   0.3393282232225790E-01   0.3434840350821163E+00
   0.7487485307759341E+00   0.9950000000000000E+00   0.1447611851430990E-01   0.4413126049533238E-01   0.4467298729102243E+00
   0.7281696139995449E+00   0.9950000000000000E+00   0.1450524751877025E-01   0.5243223282330828E-01   0.5308309700142740E+00
   0.7047926569728924E+00   0.9950000000000000E+00   0.1455874021861575E-01   0.6050728376946976E-01   0.6127159559616134E+00
   0.6787104764686254E+00   0.9950000000000000E+00   0.1463760883857760E-01   0.6859411244120006E-01   0.6947745427925403E+00
   0.6501113417850740E+00   0.9950000000000000E+00   0.1474477226639626E-01   0.7618673613446857E-01   0.7718427775528286E+00
   0.6192811618660972E+00   0.9950000000000000E+00   0.1488775380389296E-01   0.8397038011912034E-01   0.8508344085434532E+00
   0.5865996427475577E+00   0.9950000000000000E+00   0.1508024268929080E-01   0.9504732207315802E-01   0.9631690729374652E+00
   0.5525303805439211E+00   0.9950000000000000E+00   0.1535368792289762E-01   0.1205161018586774E+00   0.1221319149173444E+01
   0.5176032483209315E+00   0.9950000000000000E+00   0.1577865806920125E-01   0.1520020494867457E+00   0.1540450428969301E+01
   0.4823904793730818E+00   0.9950000000000000E+00   0.1638277066270724E-01   0.7285227976825620E-01   0.7383217052030474E+00
   0.4474783647254596E+00   0.9950000000000000E+00   0.1692389240471173E-01  -0.1136254197407541E+00  -0.1151489735001457E+01
   0.4134373817694231E+00   0.9950000000000000E+00   0.1734079452524234E-01  -0.2518713026148204E+00  -0.2552290676398404E+01
   0.3807943754072523E+00   0.9950000000000000E+00   0.1768192601108411E-01  -0.3570921577847148E+00  -0.3618149128885486E+01
   0.3500093941316657E+00   0.9950000000000000E+00   0.1797620643885956E-01  -0.4624551857380466E+00  -0.4685089728739842E+01
   0.3214588079971506E+00   0.9950000000000000E+00   0.1823883059726493E-01  -0.5842591785542295E+00  -0.5918111391625391E+01
   0.2954257167804001E+00   0.9950000000000000E+00   0.1847828321521386E-01  -0.7359383201317868E+00  -0.7453082257410461E+01
   0.2720973676395113E+00   0.9950000000000000E+00   0.1869918682566056E-01  -0.9327485413090246E+00  -0.9444184934514318E+01
   0.2515678745179611E+00   0.9950000000000000E+00   0.1890430893382205E-01  -0.1197337922612897E+01  -0.1212026404920836E+02
   0.2338442755711132E+00   0.9950000000000000E+00   0.1909476420328431E-01  -0.1551314634197182E+01  -0.1569939984599537E+02
   0.2188574558107754E+00   0.9950000000000000E+00   0.1926918664203243E-01  -0.2004004336886432E+01  -0.2027520096371255E+02
   0.2064732231836670E+00   0.9950000000000000E+00   0.1942555274031701E-01  -0.2542116235110201E+01  -0.2571250085284744E+02
   0.1965017682663632E+00   0.9950000000000000E+00   0.1956017324194359E-01  -0.3116352506377583E+01  -0.3151236738017605E+02
   0.1887084757892236E+00   0.9950000000000000E+00   0.1966853378544482E-01  -0.3582521914153943E+01  -0.3621728158173601E+02
   0.1828259824330145E+00   0.9950000000000000E+00   0.1975135055789000E-01  -0.3937331933560695E+01  -0.3979512534102241E+02
   0.1785667851748576E+00   0.9950000000000000E+00   0.1981211631662507E-01  -0.4302756863480135E+01  -0.4347967124587257E+02
   0.1756316513293147E+00   0.9950000000000000E+00   0.1985652515725984E-01  -0.4364241453169691E+01  -0.4409420959832754E+02
   0.1737213184734302E+00   0.9950000000000000E+00   0.1989086374441342E-01  -0.4133471289297656E+01  -0.4176071160502370E+02
   0.1725451883260878E+00   0.9950000000000000E+00   0.1992544012807545E-01  -0.5777705127774730E+01  -0.5838508141510043E+02
   0.1717313284814348E+00   0.9950000000000000E+00   0.2002737050190786E-01  -0.1625719008818125E+01  -0.1648767983904265E+02
   0.1711919997121544E+00   0.9950000000000000E+00   0.2021596535394434E-01  -0.8533390114274415E+00  -0.8663567485835500E+01
   0.1712215705141888E+00   0.9950000000000000E+00   0.2048297753590561E-01  -0.2066352157488950E+01  -0.2091422705236457E+02
   0.1719620968584332E+00   0.9950000000000000E+00   0.2069883516270702E-01  -0.1692125439568861E+01  -0.1711874769048041E+02
   0.1735377620905749E+00   0.9950000000000000E+00   0.2092515654629596E-01  -0.1751699982312542E+01  -0.1771751331936818E+02
   0.1762203856208357E+00   0.9950000000000000E+00   0.2117090540071515E-01  -0.1823504973232684E+01  -0.1844251116012359E+02
   0.1803042354386787E+00   0.9950000000000000E+00   0.2144070858604427E-01  -0.1926741197758380E+01  -0.1948686475812082E+02
   0.1860890997912153E+00   0.9950000000000000E+00   0.2173795294759883E-01  -0.2021071209092069E+01  -0.2044229255224302E+02
   0.1938637308158154E+00   0.9950000000000000E+00   0.2206597970038905E-01  -0.2063703945076057E+01  -0.2087614216116574E+02
   0.2038935232483499E+00   0.9950000000000000E+00   0.2242259224635694E-01  -0.2026020906084517E+01  -0.2049865944439369E+02
   0.2164078200432965E+00   0.9950000000000000E+00   0.2280416621586021E-01  -0.1908761919611504E+01  -0.1931642008778576E+02
   0.2315904039345198E+00   0.9950000000000000E+00   0.2320871420728550E-01  -0.1754260569965642E+01  -0.1775691113005090E+02
   0.2495678346990770E+00   0.9950000000000000E+00   0.2363079387777587E-01  -0.1576929406548779E+01  -0.1596550287827878E+02
   0.2703955409461076E+00   0.9950000000000000E+00   0.2406886779781801E-01  -0.1398105212122694E+01  -0.1415796780248345E+02
   0.2940488295140633E+00   0.9950000000000000E+00   0.2452282420813868E-01  -0.1240328492377226E+01  -0.1256257222166188E+02
   0.3204147861615964E+00   0.9950000000000000E+00   0.2499383643793161E-01  -0.1106290492492510E+01  -0.1120675255493761E+02
   0.3492856219237917E+00   0.9950000000000000E+00   0.2548467108545291E-01  -0.9970871612686807E+00  -0.1010181238692031E+02
   0.3803570991910785E+00   0.9950000000000000E+00   0.2599959788542264E-01  -0.9104080159487509E+00  -0.9224530937509938E+01
   0.4132328317555058E+00   0.9950000000000000E+00   0.2654790142457697E-01  -0.8389441059681250E+00  -0.8500993290887125E+01
   0.4474360966700451E+00   0.9950000000000000E+00   0.2714630577222889E-01  -0.7588858217828836E+00  -0.7690005605872373E+01
   0.4824286439583330E+00   0.9950000000000000E+00   0.2780691032624635E-01  -0.6304521212584999E+00  -0.6388483136736689E+01
   0.5176357335716966E+00   0.9950000000000000E+00   0.2848214471679951E-01  -0.5046185650355142E+00  -0.5113248112318424E+01
   0.5524749851612063E+00   0.9950000000000000E+00   0.2904175201304618E-01  -0.4219671790327810E+00  -0.4275643026167646E+01
   0.5863856483338993E+00   0.9950000000000000E+00   0.2949524716342612E-01  -0.3544743411920102E+00  -0.3591594784468248E+01
   0.6188554331143136E+00   0.9950000000000000E+00   0.2988213601744145E-01  -0.2965984712825901E+00  -0.3004999839500503E+01
   0.6494423254675686E+00   0.9950000000000000E+00   0.3022527371279325E-01  -0.2475700502726854E+00  -0.2508112385192017E+01
   0.6777894812570364E+00   0.9950000000000000E+00   0.3053668445363928E-01  -0.2064587181604560E+00  -0.2091530235428730E+01
   0.7036329096623272E+00   0.9950000000000000E+00   0.3082265923011753E-01  -0.1728304439551239E+00  -0.1750859950468091E+01
   0.7268039679904432E+00   0.9950000000000000E+00   0.3108588065104910E-01  -0.1468067346992716E+00  -0.1487316787043197E+01
   0.7472252035116632E+00   0.9950000000000000E+00   0.3132906485948175E-01  -0.1285032090853544E+00  -0.1302035733043410E+01
   0.7649052600987145E+00   0.9950000000000000E+00   0.3155366024577874E-01  -0.1151631091002001E+00  -0.1167067946561034E+01
   0.7799199192189263E+00   0.9950000000000000E+00   0.3175252864010759E-01  -0.1036727325213825E+00  -0.1050873542962868E+01
   0.7923982362291235E+00   0.9950000000000000E+00   0.3192117311203514E-01  -0.9270282298494158E-01  -0.9399922068719474E+00
   0.8025206103487272E+00   0.9950000000000000E+00   0.3205823253114640E-01  -0.8172652612706074E-01  -0.8290799749781395E+00
   0.8105074589972533E+00   0.9950000000000000E+00   0.3216057159487334E-01  -0.7192425778023415E-01  -0.7300317403269738E+00
   0.8166102323927125E+00   0.9950000000000000E+00   0.3222529774287564E-01  -0.6765650164058799E-01  -0.6869399141129938E+00
   0.8210992919622511E+00   0.9950000000000000E+00   0.3226047427307702E-01  -0.6981048535462467E-01  -0.7088347477834719E+00
   0.8242543571572075E+00   0.9950000000000000E+00   0.3227431325896855E-01  -0.7779991778350626E-01  -0.7898142029148387E+00
   0.8263512588098176E+00   0.9950000000000000E+00   0.3227332406148511E-01  -0.9524761102964616E-01  -0.9664737940949349E+00
   0.8276500847644127E+00   0.9950000000000000E+00   0.3226314355292043E-01  -0.1307581984992464E+00  -0.1325903436653800E+01
   0.8283872016680419E+00   0.9950000000000000E+00   0.3224882660974687E-01  -0.1800606545380895E+00  -0.1824855800336388E+01
