TITLE = "PROPAN_90_T0"
VARIABLES="S/C","r/R","POT","CP","CPN"
ZONE T="BLADE r/R= 0.250", I=  80 F=POINT
   0.9963132581371299E+00   0.2500000000000000E+00   0.1923471723646217E-01   0.5031455501558978E+00   0.7179406372679982E+00
   0.9877442235044607E+00   0.2500000000000000E+00   0.1985048496804002E-01   0.4137964969672510E+00   0.5904333765039050E+00
   0.9767987620090234E+00   0.2500000000000000E+00   0.2042705708739572E-01   0.3169958624824569E+00   0.4522989811967016E+00
   0.9635302876859899E+00   0.2500000000000000E+00   0.2095287696114764E-01   0.2417737305777440E+00   0.3449634203270163E+00
   0.9480035347316940E+00   0.2500000000000000E+00   0.2140559335569800E-01   0.1790493855446654E+00   0.2554637982468491E+00
   0.9302942185378316E+00   0.2500000000000000E+00   0.2178277451586131E-01   0.1294895886042046E+00   0.1847514756496549E+00
   0.9104886827728487E+00   0.2500000000000000E+00   0.2208493481244267E-01   0.8875048530517618E-01   0.1266275043794982E+00
   0.8886834556995484E+00   0.2500000000000000E+00   0.2230612332312784E-01   0.5449663443031331E-01   0.7775973024953298E-01
   0.8649848029227440E+00   0.2500000000000000E+00   0.2245255699184953E-01   0.2815459560479398E-01   0.4018908923541537E-01
   0.8395082451264738E+00   0.2500000000000000E+00   0.2253658155919603E-01   0.8589999521074764E-02   0.1229141543656960E-01
   0.8123779835817670E+00   0.2500000000000000E+00   0.2256611602810084E-01  -0.7308003213189270E-02  -0.1037422910082790E-01
   0.7837264057113552E+00   0.2500000000000000E+00   0.2254012884945509E-01  -0.2820005013515000E-01  -0.4017506079208795E-01
   0.7536927781336764E+00   0.2500000000000000E+00   0.2240388310118697E-01  -0.5609956643660683E-01  -0.7998470181564296E-01
   0.7224232971371172E+00   0.2500000000000000E+00   0.2215109669779384E-01  -0.8308615793198344E-01  -0.1184922833877970E+00
   0.6900701862426599E+00   0.2500000000000000E+00   0.2178419052358108E-01  -0.1079891472720605E+00  -0.1540243897648555E+00
   0.6567909920661618E+00   0.2500000000000000E+00   0.2130840931419991E-01  -0.1315404258086505E+00  -0.1876272677374644E+00
   0.6227476380677438E+00   0.2500000000000000E+00   0.2072256335242347E-01  -0.1538470436822331E+00  -0.2194545895719114E+00
   0.5881059626103556E+00   0.2500000000000000E+00   0.2003400041572002E-01  -0.1741481738475348E+00  -0.2484162549511474E+00
   0.5530346866285583E+00   0.2500000000000000E+00   0.1924976848130574E-01  -0.1930501446554460E+00  -0.2753794300101881E+00
   0.5177046411461946E+00   0.2500000000000000E+00   0.1837446852344222E-01  -0.2111200948283908E+00  -0.3011532975187933E+00
   0.4822879500126500E+00   0.2500000000000000E+00   0.1741249183632530E-01  -0.2290141995544223E+00  -0.3266738459292221E+00
   0.4469570878416186E+00   0.2500000000000000E+00   0.1636509416856381E-01  -0.2451186887518630E+00  -0.3496397069032948E+00
   0.4118842834131183E+00   0.2500000000000000E+00   0.1524939704603282E-01  -0.2550372220492082E+00  -0.3637783690066267E+00
   0.3772408744532979E+00   0.2500000000000000E+00   0.1410363297315188E-01  -0.2642718000107528E+00  -0.3769408822997594E+00
   0.3431953435098329E+00   0.2500000000000000E+00   0.1291478857699990E-01  -0.2758777990243029E+00  -0.3934876570101395E+00
   0.3099136713239791E+00   0.2500000000000000E+00   0.1168764256442909E-01  -0.2876994536186842E+00  -0.4103427308754363E+00
   0.2775580817113529E+00   0.2500000000000000E+00   0.1042982172479044E-01  -0.2996306298324120E+00  -0.4273571024436745E+00
   0.2462862702820428E+00   0.2500000000000000E+00   0.9148939371498058E-02  -0.3120349133831610E+00  -0.4450489219104723E+00
   0.2162506344469138E+00   0.2500000000000000E+00   0.7851194626046200E-02  -0.3257201520453157E+00  -0.4645697387384293E+00
   0.1875974744811207E+00   0.2500000000000000E+00   0.6538639416575493E-02  -0.3340179304617645E+00  -0.4764088911600849E+00
   0.1604666594876369E+00   0.2500000000000000E+00   0.5250399235696483E-02  -0.3374383564266832E+00  -0.4812900548801162E+00
   0.1349903407228398E+00   0.2500000000000000E+00   0.4000969322998511E-02  -0.3423724086205180E+00  -0.4883302770141102E+00
   0.1112925683244968E+00   0.2500000000000000E+00   0.2786927794833947E-02  -0.3484452998783084E+00  -0.4969967501778518E+00
   0.8948882053057479E-01   0.2500000000000000E+00   0.1613189471081242E-02  -0.3518420227983242E+00  -0.5018473956773528E+00
   0.6968535068234431E-01   0.2500000000000000E+00   0.4921943230344425E-03  -0.3511284629155553E+00  -0.5008377127259035E+00
   0.5197861349283403E-01   0.2500000000000000E+00  -0.5666024624989617E-03  -0.3516120076408820E+00  -0.5015381806807564E+00
   0.3645480579942681E-01   0.2500000000000000E+00  -0.1577728500053641E-02  -0.3490623162771963E+00  -0.4979097713423128E+00
   0.2318964937044028E-01   0.2500000000000000E+00  -0.2553671702363237E-02  -0.3284991822816844E+00  -0.4686682658408138E+00
   0.1224786349830636E-01   0.2500000000000000E+00  -0.3524653787346421E-02  -0.2934553631436242E+00  -0.4189338456715428E+00
   0.3684271466560080E-02   0.2500000000000000E+00  -0.4968963858729342E-02   0.4469726126595341E+00   0.6376722218720935E+00
   0.3688321993570054E-02   0.2500000000000000E+00  -0.6108062649170867E-02   0.8413434695884087E+00   0.1200748673047941E+01
   0.1225705903810438E-01   0.2500000000000000E+00  -0.5995442762545134E-02   0.2403614879411021E+00   0.3430702243477099E+00
   0.2320124455985178E-01   0.2500000000000000E+00  -0.5676615981360478E-02   0.3322085907966382E-03   0.6771690108568875E-03
   0.3646764066557959E-01   0.2500000000000000E+00  -0.5135528231601136E-02  -0.1638927340014741E+00  -0.2335593200003742E+00
   0.5199160159716439E-01   0.2500000000000000E+00  -0.4384961276425062E-02  -0.2782225134509470E+00  -0.3966525842296154E+00
   0.6969762154076378E-01   0.2500000000000000E+00  -0.3417830686875192E-02  -0.3677788812682789E+00  -0.5244142630517752E+00
   0.8949951633554766E-01   0.2500000000000000E+00  -0.2234589295439098E-02  -0.4385943437066255E+00  -0.6254502163951363E+00
   0.1113008858069797E+00   0.2500000000000000E+00  -0.8489695262588271E-03  -0.4920139278521860E+00  -0.7016892170515632E+00
   0.1349955814289127E+00   0.2500000000000000E+00   0.7177814719424014E-03  -0.5307879914186231E+00  -0.7570461905233720E+00
   0.1604682093509857E+00   0.2500000000000000E+00   0.2447084981606082E-02  -0.5621141629977507E+00  -0.8017829469893120E+00
   0.1875950613060891E+00   0.2500000000000000E+00   0.4340914519802927E-02  -0.5886074782177040E+00  -0.8396275903276648E+00
   0.2162441784487671E+00   0.2500000000000000E+00   0.6372795985949753E-02  -0.6022292815139277E+00  -0.8591080388134397E+00
   0.2462757388189233E+00   0.2500000000000000E+00   0.8493057875726604E-02  -0.6057591551366839E+00  -0.8641884545090863E+00
   0.2775437491553019E+00   0.2500000000000000E+00   0.1069152591661334E-01  -0.6067258641030505E+00  -0.8656070174590819E+00
   0.3098959822774547E+00   0.2500000000000000E+00   0.1295303288637914E-01  -0.6054282053838411E+00  -0.8637893710392740E+00
   0.3431749763010204E+00   0.2500000000000000E+00   0.1526661204551445E-01  -0.6023538493136986E+00  -0.8594321586590199E+00
   0.3772186368084066E+00   0.2500000000000000E+00   0.1761869116478323E-01  -0.5975033914744774E+00  -0.8525362996841526E+00
   0.4118610346698146E+00   0.2500000000000000E+00   0.1999796812148704E-01  -0.5950428397262463E+00  -0.8490440052755408E+00
   0.4469340108021762E+00   0.2500000000000000E+00   0.2241957753337312E-01  -0.5891446903157217E+00  -0.8406431191781379E+00
   0.4822660105129802E+00   0.2500000000000000E+00   0.2483908924238309E-01  -0.5745551737410733E+00  -0.8198390070779353E+00
   0.5176847016446825E+00   0.2500000000000000E+00   0.2722844063414578E-01  -0.5568604826289251E+00  -0.7945994253602273E+00
   0.5530175614864883E+00   0.2500000000000000E+00   0.2957988266519160E-01  -0.5377034316778676E+00  -0.7672694288190635E+00
   0.5880922909518078E+00   0.2500000000000000E+00   0.3188049448233513E-01  -0.5162217069230477E+00  -0.7366205296949133E+00
   0.6227378578121063E+00   0.2500000000000000E+00   0.3411636879866926E-01  -0.4923069372032725E+00  -0.7024982147121234E+00
   0.6567853669236314E+00   0.2500000000000000E+00   0.3627435477138884E-01  -0.4643623850607020E+00  -0.6626247017711419E+00
   0.6900687066886524E+00   0.2500000000000000E+00   0.3833180219857613E-01  -0.4337614188566118E+00  -0.6189595361179607E+00
   0.7224257220154354E+00   0.2500000000000000E+00   0.4027962217821505E-01  -0.4019437513450492E+00  -0.5735582914097949E+00
   0.7536987903826788E+00   0.2500000000000000E+00   0.4211254305658303E-01  -0.3650535194890278E+00  -0.5209180413035894E+00
   0.7837353840850683E+00   0.2500000000000000E+00   0.4380632688308665E-01  -0.3234512909061734E+00  -0.4615529827625228E+00
   0.8123893392578697E+00   0.2500000000000000E+00   0.4534907875037070E-01  -0.2665852544596130E+00  -0.3803883940503531E+00
   0.8395207482910999E+00   0.2500000000000000E+00   0.4667502832973617E-01  -0.2016631624107992E+00  -0.2877200066925924E+00
   0.8649975784197466E+00   0.2500000000000000E+00   0.4776843804498886E-01  -0.1349140237205279E+00  -0.1924491183177089E+00
   0.8886957937843875E+00   0.2500000000000000E+00   0.4862817058079643E-01  -0.6696659789745885E-01  -0.9547378263381223E-01
   0.9105000160440094E+00   0.2500000000000000E+00   0.4925656664575000E-01   0.1005140765679512E-02   0.1528335838677329E-02
   0.9303041176281702E+00   0.2500000000000000E+00   0.4966799981999333E-01   0.7042677202194460E-01   0.1005911006740277E+00
   0.9480116801547435E+00   0.2500000000000000E+00   0.4987677713223523E-01   0.1413175231780262E+00   0.2017402119103222E+00
   0.9635365052796472E+00   0.2500000000000000E+00   0.4990600249880861E-01   0.2218266108226078E+00   0.3166090693044036E+00
   0.9768030096145187E+00   0.2500000000000000E+00   0.4976327333195966E-01   0.3084021327949196E+00   0.4401302054943685E+00
   0.9877466381732143E+00   0.2500000000000000E+00   0.4948092809676895E-01   0.4112123636815821E+00   0.5867954619334729E+00
   0.9963141156799258E+00   0.2500000000000000E+00   0.4908527790352885E-01   0.5031558471304767E+00   0.7179553195490320E+00
ZONE T="BLADE r/R= 0.500", I=  80 F=POINT
   0.9962377104466761E+00   0.5000000000000000E+00   0.6269477531765156E-02   0.2906773305087543E+00   0.9519576888840634E+00
   0.9876687219335362E+00   0.5000000000000000E+00   0.6920794560657850E-02   0.2373792904642055E+00   0.7774014644855782E+00
   0.9767233666458636E+00   0.5000000000000000E+00   0.7546224751671293E-02   0.1819161837614738E+00   0.5957603543903139E+00
   0.9634551155814887E+00   0.5000000000000000E+00   0.8129912122426707E-02   0.1408492365558093E+00   0.4612737337736659E+00
   0.9479287733147671E+00   0.5000000000000000E+00   0.8656870382884223E-02   0.1096266506253245E+00   0.3590397497199554E+00
   0.9302201092310189E+00   0.5000000000000000E+00   0.9128813293304517E-02   0.8744653454993560E-01   0.2864292391105179E+00
   0.9104154718214909E+00   0.5000000000000000E+00   0.9558867037251445E-02   0.7120303452988072E-01   0.2332682216397503E+00
   0.8886115127785714E+00   0.5000000000000000E+00   0.9944870959211405E-02   0.5939227670036203E-01   0.1946298939587910E+00
   0.8649145336455037E+00   0.5000000000000000E+00   0.1030446097622388E-01   0.5289519178522549E-01   0.1734018087588715E+00
   0.8394400364787372E+00   0.5000000000000000E+00   0.1066125111357691E-01   0.5045979661508979E-01   0.1654788538120853E+00
   0.8123121849097624E+00   0.5000000000000000E+00   0.1103253890752480E-01   0.4970124412324076E-01   0.1630459990173126E+00
   0.7836631326227498E+00   0.5000000000000000E+00   0.1141943581158349E-01   0.4198346765776714E-01   0.1377951680911440E+00
   0.7536328576417923E+00   0.5000000000000000E+00   0.1171065545235511E-01   0.2723549805994031E-01   0.8950020015635057E-01
   0.7223675710017412E+00   0.5000000000000000E+00   0.1188836650187289E-01   0.1234714239701664E-01   0.4074140765738585E-01
   0.6900195565010655E+00   0.5000000000000000E+00   0.1194640854978496E-01  -0.1311505414359806E-02  -0.3992493579248731E-02
   0.6567463168236448E+00   0.5000000000000000E+00   0.1189349538052537E-01  -0.1389980642176372E-01  -0.4521827896832099E-01
   0.6227098900489302E+00   0.5000000000000000E+00   0.1172674568606751E-01  -0.2546267377233811E-01  -0.8308616290752573E-01
   0.5880759821968854E+00   0.5000000000000000E+00   0.1145723393913067E-01  -0.3538451095331423E-01  -0.1155791617491947E+00
   0.5530132087601466E+00   0.5000000000000000E+00   0.1109716147493765E-01  -0.4391938589683864E-01  -0.1435269549108323E+00
   0.5176922712638555E+00   0.5000000000000000E+00   0.1065686875976619E-01  -0.5136069069166853E-01  -0.1678922189246178E+00
   0.4822851258477949E+00   0.5000000000000000E+00   0.1014605432405373E-01  -0.5797047970813641E-01  -0.1895326219308302E+00
   0.4469641436172984E+00   0.5000000000000000E+00   0.9572628037284441E-02  -0.6307657904819597E-01  -0.2062467135796611E+00
   0.4119012968095552E+00   0.5000000000000000E+00   0.8957733508784128E-02  -0.6491991397190684E-01  -0.2122739701327485E+00
   0.3772673795711844E+00   0.5000000000000000E+00   0.8340445670562614E-02  -0.6592609145428269E-01  -0.2155583152847751E+00
   0.3432309878162463E+00   0.5000000000000000E+00   0.7709714889776968E-02  -0.6781893182185474E-01  -0.2217441499883803E+00
   0.3099578905511488E+00   0.5000000000000000E+00   0.7067818026554862E-02  -0.6980461242776941E-01  -0.2282335546169445E+00
   0.2776101513083605E+00   0.5000000000000000E+00   0.6418827511684707E-02  -0.7186680935482866E-01  -0.2349738209984431E+00
   0.2463453509258827E+00   0.5000000000000000E+00   0.5766043639659554E-02  -0.7439351556518516E-01  -0.2432337062717710E+00
   0.2163158007992354E+00   0.5000000000000000E+00   0.5108707485539661E-02  -0.7785304535388261E-01  -0.2545492451083942E+00
   0.1876677878342622E+00   0.5000000000000000E+00   0.4443301938977756E-02  -0.7970348803080006E-01  -0.2605993411991113E+00
   0.1605410410431003E+00   0.5000000000000000E+00   0.3799117667453679E-02  -0.8014871555387956E-01  -0.2620507520546144E+00
   0.1350677531237439E+00   0.5000000000000000E+00   0.3179644760186124E-02  -0.8175570931761302E-01  -0.2673094982588141E+00
   0.1113720724352409E+00   0.5000000000000000E+00   0.2577368677865671E-02  -0.8500007299027387E-01  -0.2779336104539865E+00
   0.8956953367321406E-01   0.5000000000000000E+00   0.1988286041287198E-02  -0.8884469131956838E-01  -0.2905372132308748E+00
   0.6976648784963661E-01   0.5000000000000000E+00   0.1416870788527462E-02  -0.9321768447928640E-01  -0.3048857559106963E+00
   0.5205953583166717E-01   0.5000000000000000E+00   0.8640183547530035E-03  -0.1024943656332812E+00  -0.3353083451077843E+00
   0.3653499779823825E-01   0.5000000000000000E+00   0.3046032482477163E-03  -0.1184289130577085E+00  -0.3875679706662436E+00
   0.2326866167404020E-01   0.5000000000000000E+00  -0.2776807420434749E-03  -0.1464842297126468E+00  -0.4796155888405830E+00
   0.1232529029129371E-01   0.5000000000000000E+00  -0.9287078119312220E-03  -0.2419745993878401E+00  -0.7927347942418637E+00
   0.3758389194209999E-02   0.5000000000000000E+00  -0.2020654336365203E-02   0.7385259032582477E-01   0.2400587278102012E+00
   0.3768812472887751E-02   0.5000000000000000E+00  -0.3436950251012860E-02   0.6271087836695267E+00   0.2054670911482987E+01
   0.1233744206316378E-01   0.5000000000000000E+00  -0.3444720656239659E-02   0.1158022200095472E+00   0.3789820557266246E+00
   0.2328367280090985E-01   0.5000000000000000E+00  -0.3281672422986813E-02   0.1842615560417851E-02   0.5815119800203244E-02
   0.3655252606137392E-01   0.5000000000000000E+00  -0.2923094147388656E-02  -0.6955246850799512E-01  -0.2279387416483166E+00
   0.5207924390220949E-01   0.5000000000000000E+00  -0.2385075367976074E-02  -0.1164927541758781E+00  -0.3816193297988897E+00
   0.6978799724388780E-01   0.5000000000000000E+00  -0.1654950039547618E-02  -0.1534477938772957E+00  -0.5026031030331429E+00
   0.8959237500250843E-01   0.5000000000000000E+00  -0.7310389938058890E-03  -0.1829685488067039E+00  -0.5992458812188103E+00
   0.1113957729996652E+00   0.5000000000000000E+00   0.3845011024895165E-03  -0.2066303911201324E+00  -0.6767123535032924E+00
   0.1350918927959290E+00   0.5000000000000000E+00   0.1682310507603538E-02  -0.2254981170033117E+00  -0.7384833283211325E+00
   0.1605652503857035E+00   0.5000000000000000E+00   0.3154267237866921E-02  -0.2427403885641762E+00  -0.7949356399298719E+00
   0.1876916478389022E+00   0.5000000000000000E+00   0.4815544199883118E-02  -0.2590215363414294E+00  -0.8482424869805838E+00
   0.2163389373485194E+00   0.5000000000000000E+00   0.6650235845786378E-02  -0.2705373585507089E+00  -0.8859491547338465E+00
   0.2463676267777555E+00   0.5000000000000000E+00   0.8621000971403262E-02  -0.2786408737148907E+00  -0.9124852739745811E+00
   0.2776314522960208E+00   0.5000000000000000E+00   0.1072408864710675E-01  -0.2858751125929895E+00  -0.9361784031760932E+00
   0.3099781794890655E+00   0.5000000000000000E+00   0.1294678867267913E-01  -0.2921235617883594E+00  -0.9566463100115968E+00
   0.3432503144415953E+00   0.5000000000000000E+00   0.1528043999284369E-01  -0.2973974330451776E+00  -0.9739242961190445E+00
   0.3772858751664998E+00   0.5000000000000000E+00   0.1770941349845129E-01  -0.3013684190446848E+00  -0.9869386109529628E+00
   0.4119191624428697E+00   0.5000000000000000E+00   0.2021779573441456E-01  -0.3057201618493678E+00  -0.1001199688493642E+01
   0.4469816155829757E+00   0.5000000000000000E+00   0.2281296403441762E-01  -0.3078162113089540E+00  -0.1008076665811696E+01
   0.4823024960754645E+00   0.5000000000000000E+00   0.2544333897516124E-01  -0.3052804840627383E+00  -0.9997897014365483E+00
   0.5177098180016917E+00   0.5000000000000000E+00   0.2807292231095709E-01  -0.3005170434133743E+00  -0.9842084189741783E+00
   0.5530311940711240E+00   0.5000000000000000E+00   0.3068426240105596E-01  -0.2942379981799205E+00  -0.9636636210382449E+00
   0.5880946116210573E+00   0.5000000000000000E+00   0.3325514249386109E-01  -0.2861384800226294E+00  -0.9371571385535562E+00
   0.6227292932055365E+00   0.5000000000000000E+00   0.3576380296504059E-01  -0.2763699498465553E+00  -0.9051861588756563E+00
   0.6567665434705082E+00   0.5000000000000000E+00   0.3819163095165609E-01  -0.2643437531679753E+00  -0.8658221109207016E+00
   0.6900405107855125E+00   0.5000000000000000E+00   0.4051210575586773E-01  -0.2505528887938162E+00  -0.8206777403241065E+00
   0.7223890916325714E+00   0.5000000000000000E+00   0.4271234708465915E-01  -0.2362075100632330E+00  -0.7737194128795326E+00
   0.7536547208241154E+00   0.5000000000000000E+00   0.4478977135940321E-01  -0.2188001185083275E+00  -0.7167319620927513E+00
   0.7836849456423119E+00   0.5000000000000000E+00   0.4671195909359489E-01  -0.1981176056453617E+00  -0.6490153497313691E+00
   0.8123335524185473E+00   0.5000000000000000E+00   0.4846823909868481E-01  -0.1638505305708217E+00  -0.5367873381993549E+00
   0.8394604404200261E+00   0.5000000000000000E+00   0.4993404296887603E-01  -0.1212660777490216E+00  -0.3972975382938312E+00
   0.8649335345730289E+00   0.5000000000000000E+00   0.5109239222893477E-01  -0.7769974575253538E-01  -0.2545911445673801E+00
   0.8886287279729982E+00   0.5000000000000000E+00   0.5195281811049901E-01  -0.3465174297642459E-01  -0.1135860368795333E+00
   0.9104305652677609E+00   0.5000000000000000E+00   0.5253477798430696E-01   0.6875151025834283E-02   0.2242857096060958E-01
   0.9302328448084093E+00   0.5000000000000000E+00   0.5287121345257689E-01   0.4861288633483452E-01   0.1591300568725575E+00
   0.9479390386290983E+00   0.5000000000000000E+00   0.5298531838082603E-01   0.8977204066242822E-01   0.2939319021508709E+00
   0.9634629048856269E+00   0.5000000000000000E+00   0.5291807237039288E-01   0.1351550131427008E+00   0.4425630215188325E+00
   0.9767287312639981E+00   0.5000000000000000E+00   0.5268663570953052E-01   0.1830275715543701E+00   0.5993528519332344E+00
   0.9876719238149646E+00   0.5000000000000000E+00   0.5233756494914226E-01   0.2389892699312425E+00   0.7826482998224686E+00
   0.9962391423869864E+00   0.5000000000000000E+00   0.5190382860760911E-01   0.2906782855137654E+00   0.9519607715718914E+00
ZONE T="BLADE r/R= 0.750", I=  80 F=POINT
   0.9961382177238555E+00   0.7500000000000000E+00   0.4686570956936503E-03   0.1293878384896459E+00   0.8221050813218029E+00
   0.9875707036654618E+00   0.7500000000000000E+00   0.8462402593809639E-03   0.1055825136657145E+00   0.6708656378267986E+00
   0.9766272634679338E+00   0.7500000000000000E+00   0.1209095572739607E-02   0.8138781084502222E-01   0.5171583355652395E+00
   0.9633613676607394E+00   0.7500000000000000E+00   0.1547318576554112E-02   0.6409981184665452E-01   0.4073354712922917E+00
   0.9478377984414811E+00   0.7500000000000000E+00   0.1854728076242812E-02   0.5158927153557395E-01   0.3278649391072002E+00
   0.9301323454293740E+00   0.7500000000000000E+00   0.2133656575621720E-02   0.4386959312508568E-01   0.2788406085777020E+00
   0.9103313567290283E+00   0.7500000000000000E+00   0.2404193997314142E-02   0.3946805103636741E-01   0.2509045326950543E+00
   0.8885315011560269E+00   0.7500000000000000E+00   0.2670357834921253E-02   0.3775184627043323E-01   0.2400395452144309E+00
   0.8648390752314700E+00   0.7500000000000000E+00   0.2958047173195197E-02   0.3943200531672751E-01   0.2507704933594853E+00
   0.8393695830931859E+00   0.7500000000000000E+00   0.3298046639591984E-02   0.4356385582443169E-01   0.2770912370459240E+00
   0.8122471808899733E+00   0.7500000000000000E+00   0.3714071091952684E-02   0.4844916451370282E-01   0.3082008178024683E+00
   0.7836039740642076E+00   0.7500000000000000E+00   0.4212044787820261E-02   0.4691265446447374E-01   0.2984521821798481E+00
   0.7535800479967617E+00   0.7500000000000000E+00   0.4660252652842993E-02   0.3931098912648742E-01   0.2501184005105112E+00
   0.7223215590311065E+00   0.7500000000000000E+00   0.5035582410928958E-02   0.3095499325427528E-01   0.1969816138952157E+00
   0.6899807883311698E+00   0.7500000000000000E+00   0.5322770775672783E-02   0.2311799647815378E-01   0.1471439844304090E+00
   0.6567151913860735E+00   0.7500000000000000E+00   0.5530727381767145E-02   0.1603741056391049E-01   0.1021184748065070E+00
   0.6226867721057135E+00   0.7500000000000000E+00   0.5656103393918474E-02   0.9545123594317261E-02   0.6083463527778463E-01
   0.5880611909033535E+00   0.7500000000000000E+00   0.5706469831087006E-02   0.4081129269740789E-02   0.2609129132293075E-01
   0.5530069995715967E+00   0.7500000000000000E+00   0.5693292992815056E-02  -0.4466533501075931E-03  -0.2696477711056488E-02
   0.5176948291298535E+00   0.7500000000000000E+00   0.5625346388571331E-02  -0.4238796776759150E-02  -0.2680619501285891E-01
   0.4822965550100475E+00   0.7500000000000000E+00   0.5511128618114195E-02  -0.7359110046966034E-02  -0.4664330276792119E-01
   0.4469844653384545E+00   0.7500000000000000E+00   0.5359312649101424E-02  -0.9479455299197945E-02  -0.6011878661103459E-01
   0.4119304329393113E+00   0.7500000000000000E+00   0.5187184380099347E-02  -0.9832744280151412E-02  -0.6235799334663138E-01
   0.3773051175563464E+00   0.7500000000000000E+00   0.5023275748372785E-02  -0.9572933912517938E-02  -0.6069836975674742E-01
   0.3432770561186040E+00   0.7500000000000000E+00   0.4860038749669384E-02  -0.9648581455905320E-02  -0.6117048738481552E-01
   0.3100119198511105E+00   0.7500000000000000E+00   0.4697992796238839E-02  -0.9754313783883072E-02  -0.6183225911342872E-01
   0.2776716873023024E+00   0.7500000000000000E+00   0.4537749705067640E-02  -0.9902145150313705E-02  -0.6276199442283280E-01
   0.2464138664965352E+00   0.7500000000000000E+00   0.4379603039371054E-02  -0.1034690884135278E-01  -0.6557972247310208E-01
   0.2163907085097150E+00   0.7500000000000000E+00   0.4219107543077476E-02  -0.1131677941740501E-01  -0.7173618741397013E-01
   0.1877484667920077E+00   0.7500000000000000E+00   0.4051619128600280E-02  -0.1173522484963673E-01  -0.7439106054914374E-01
   0.1606267985020210E+00   0.7500000000000000E+00   0.3893162120615832E-02  -0.1182226784119269E-01  -0.7494381364940547E-01
   0.1351578873300504E+00   0.7500000000000000E+00   0.3739612038028968E-02  -0.1270707470096841E-01  -0.8057046684513873E-01
   0.1114659074332509E+00   0.7500000000000000E+00   0.3583388089859184E-02  -0.1472759846754235E-01  -0.9342151087636455E-01
   0.8966639527295486E-01   0.7500000000000000E+00   0.3416921571436509E-02  -0.1762010236134659E-01  -0.1118178821137139E+00
   0.6986572206421300E-01   0.7500000000000000E+00   0.3239528540375683E-02  -0.2157146833395509E-01  -0.1369414419504977E+00
   0.5216052568449930E-01   0.7500000000000000E+00   0.3047238899651545E-02  -0.2919190206885155E-01  -0.1853873782031518E+00
   0.3663716813871828E-01   0.7500000000000000E+00   0.2816887312218033E-02  -0.4210893278359804E-01  -0.2675086983035653E+00
   0.2337146839653634E-01   0.7500000000000000E+00   0.2536733371310738E-02  -0.6746750151941826E-01  -0.4287755850504328E+00
   0.1242815664901976E-01   0.7500000000000000E+00   0.2158170704540118E-02  -0.1367403496677420E+00  -0.8692646452700178E+00
   0.3860011784328757E-02   0.7500000000000000E+00   0.1509971064205950E-02  -0.1662081554834439E+00  -0.1058375531209229E+01
   0.3865414270339468E-02   0.7500000000000000E+00   0.1156970701741105E-03   0.3711365182156688E+00   0.2359199755026347E+01
   0.1243199274954395E-01   0.7500000000000000E+00   0.1034397520314716E-03   0.4059355327290488E-01   0.2579394151423547E+00
   0.2337576372745300E-01   0.7500000000000000E+00   0.2487481815780533E-03  -0.1752585972792373E-01  -0.1115522260259124E+00
   0.3664203671620522E-01   0.7500000000000000E+00   0.5564231002293215E-03  -0.5261572683075027E-01  -0.3346329985708293E+00
   0.5216601937674731E-01   0.7500000000000000E+00   0.1011715890834393E-02  -0.7566612028715469E-01  -0.4812019120129131E+00
   0.6987183439463145E-01   0.7500000000000000E+00   0.1624981796593881E-02  -0.9388927809471165E-01  -0.5970846050082814E+00
   0.8967305340262931E-01   0.7500000000000000E+00   0.2393834407939686E-02  -0.1081894430110150E+00  -0.6880156108747715E+00
   0.1114730266544057E+00   0.7500000000000000E+00   0.3316633489838625E-02  -0.1196219950608136E+00  -0.7607032165279667E+00
   0.1351654084942575E+00   0.7500000000000000E+00   0.4385051526875564E-02  -0.1285115055763610E+00  -0.8172125550782120E+00
   0.1606346748446920E+00   0.7500000000000000E+00   0.5589392179872379E-02  -0.1364907799844013E+00  -0.8679288673611959E+00
   0.1877565653552857E+00   0.7500000000000000E+00   0.6940234171668730E-02  -0.1439422529822221E+00  -0.9152851055837221E+00
   0.2163988964685860E+00   0.7500000000000000E+00   0.8423400588882676E-02  -0.1490711716322761E+00  -0.9478781274057949E+00
   0.2464221462204627E+00   0.7500000000000000E+00   0.1001217822226550E-01  -0.1526508638438586E+00  -0.9706263766851784E+00
   0.2776800117749694E+00   0.7500000000000000E+00   0.1170209146112402E-01  -0.1558228146664909E+00  -0.9907821322286857E+00
   0.3100202495825403E+00   0.7500000000000000E+00   0.1348308098636895E-01  -0.1586596253060052E+00  -0.1008809168386454E+01
   0.3432853578776215E+00   0.7500000000000000E+00   0.1534997872401566E-01  -0.1611926562069323E+00  -0.1024907224186101E+01
   0.3773133783842111E+00   0.7500000000000000E+00   0.1729130530197448E-01  -0.1632121607023976E+00  -0.1037740466998779E+01
   0.4119386601245718E+00   0.7500000000000000E+00   0.1929552674490485E-01  -0.1655390078946470E+00  -0.1052529416540673E+01
   0.4469926393974861E+00   0.7500000000000000E+00   0.2136826583856074E-01  -0.1669610233379530E+00  -0.1061568894005691E+01
   0.4823047188534572E+00   0.7500000000000000E+00   0.2347188847454510E-01  -0.1662638132137803E+00  -0.1057137024626185E+01
   0.5177030207303811E+00   0.7500000000000000E+00   0.2557945518031188E-01  -0.1646572165561634E+00  -0.1046923489342478E+01
   0.5530152498934404E+00   0.7500000000000000E+00   0.2767977981323591E-01  -0.1624787529984699E+00  -0.1033077179124713E+01
   0.5880695205627905E+00   0.7500000000000000E+00   0.2975574533717481E-01  -0.1595224941493492E+00  -0.1014289888068612E+01
   0.6226951882170385E+00   0.7500000000000000E+00   0.3179143928645212E-01  -0.1559763890524755E+00  -0.9917546333061459E+00
   0.6567236864471281E+00   0.7500000000000000E+00   0.3377492871987880E-01  -0.1515398291008820E+00  -0.9635636847117340E+00
   0.6899893081526424E+00   0.7500000000000000E+00   0.3568682975800534E-01  -0.1462994155453573E+00  -0.9302657744566482E+00
   0.7223300501237365E+00   0.7500000000000000E+00   0.3751676468047723E-01  -0.1411014896122035E+00  -0.8972427292133524E+00
   0.7535884451325469E+00   0.7500000000000000E+00   0.3926710494907815E-01  -0.1344288884014075E+00  -0.8548478792502967E+00
   0.7836121527852601E+00   0.7500000000000000E+00   0.4090838211336080E-01  -0.1258453647635432E+00  -0.8003056251590880E+00
   0.8122550213730469E+00   0.7500000000000000E+00   0.4243081621533892E-01  -0.1075882672167687E+00  -0.6842425293234176E+00
   0.8393769647700945E+00   0.7500000000000000E+00   0.4369269063336490E-01  -0.8297289391807230E-01  -0.5277414743089981E+00
   0.8648458890940991E+00   0.7500000000000000E+00   0.4468314863660362E-01  -0.5816316826194687E-01  -0.3700098015688786E+00
   0.8885376511706713E+00   0.7500000000000000E+00   0.4541711149680491E-01  -0.3445279915069720E-01  -0.2192748663228100E+00
   0.9103367484697015E+00   0.7500000000000000E+00   0.4592065943782814E-01  -0.1255076573734694E-01  -0.8004438531694266E-01
   0.9301369149458694E+00   0.7500000000000000E+00   0.4622940256308296E-01   0.8909393485755517E-02   0.5637256925909961E-01
   0.9478415274369202E+00   0.7500000000000000E+00   0.4636379367297892E-01   0.2932189362826771E-01   0.1861213301057143E+00
   0.9633642725246629E+00   0.7500000000000000E+00   0.4636186338916800E-01   0.5128864290510050E-01   0.3257394771919858E+00
   0.9766293433054506E+00   0.7500000000000000E+00   0.4623753326154104E-01   0.7442472809808710E-01   0.4727760785538129E+00
   0.9875720481506653E+00   0.7500000000000000E+00   0.4602594266554962E-01   0.1025299687291435E+00   0.6513996480656247E+00
   0.9961389660202662E+00   0.7500000000000000E+00   0.4574433566568400E-01   0.1293903079245263E+00   0.8221208429454530E+00
ZONE T="BLADE r/R= 0.900", I=  80 F=POINT
   0.9959039430203339E+00   0.9000000000000000E+00   0.3100191502219482E-02   0.4046747546025447E-01   0.3554948886005132E+00
   0.9873450832102130E+00   0.9000000000000000E+00   0.3199626025501022E-02   0.3278116546415114E-01   0.2879139298350568E+00
   0.9764123561625480E+00   0.9000000000000000E+00   0.3293599873334485E-02   0.2606880924343661E-01   0.2289402290208936E+00
   0.9631589407602312E+00   0.9000000000000000E+00   0.3388203662698027E-02   0.2256109066674085E-01   0.1981942732573595E+00
   0.9476492815157680E+00   0.9000000000000000E+00   0.3480531447559135E-02   0.1993990874179262E-01   0.1752152989682048E+00
   0.9299588247065771E+00   0.9000000000000000E+00   0.3569891844837733E-02   0.1912274343089777E-01   0.1680762203435502E+00
   0.9101735555266084E+00   0.9000000000000000E+00   0.3669645835764634E-02   0.1961921920171907E-01   0.1724882874286033E+00
   0.8883897958496066E+00   0.9000000000000000E+00   0.3781598833222933E-02   0.2122928405782639E-01   0.1866873472495603E+00
   0.8647134980362237E+00   0.9000000000000000E+00   0.3921272798650327E-02   0.2462803048551790E-01   0.2166119733642141E+00
   0.8392598563626914E+00   0.9000000000000000E+00   0.4108019043329809E-02   0.2928473463637103E-01   0.2575972990042503E+00
   0.8121527531455937E+00   0.9000000000000000E+00   0.4356802875998524E-02   0.3402945644893115E-01   0.2993492217537587E+00
   0.7835240521863587E+00   0.9000000000000000E+00   0.4670414240097792E-02   0.3335318889196114E-01   0.2933908887075277E+00
   0.7535137106315885E+00   0.9000000000000000E+00   0.4954641133187658E-02   0.2795913894282933E-01   0.2459200188113294E+00
   0.7222677458669045E+00   0.9000000000000000E+00   0.5192959462480428E-02   0.2198763625856058E-01   0.1933701575044998E+00
   0.6899383944184917E+00   0.9000000000000000E+00   0.5374872980992455E-02   0.1647747590117865E-01   0.1448808930478217E+00
   0.6566831318218171E+00   0.9000000000000000E+00   0.5507512202785640E-02   0.1162024796481456E-01   0.1021425844882581E+00
   0.6226640498131935E+00   0.9000000000000000E+00   0.5589486581639887E-02   0.7300000966267843E-02   0.6413297503965949E-01
   0.5880469534047083E+00   0.9000000000000000E+00   0.5627317785179983E-02   0.3855076990517927E-02   0.3382754960832926E-01
   0.5530005863090758E+00   0.9000000000000000E+00   0.5630251236514739E-02   0.1172927875741392E-02   0.1023713278728521E-01
   0.5176958069294506E+00   0.9000000000000000E+00   0.5604744671437788E-02  -0.1036240093865025E-02  -0.9191105035261916E-02
   0.4823047413958044E+00   0.9000000000000000E+00   0.5554551019594825E-02  -0.2889406451921680E-02  -0.2549483558550466E-01
   0.4469999369003720E+00   0.9000000000000000E+00   0.5484175784738326E-02  -0.4096502246293620E-02  -0.3612251592595636E-01
   0.4119535174855293E+00   0.9000000000000000E+00   0.5404694035930965E-02  -0.4063125733787279E-02  -0.3583282549691000E-01
   0.3773363711158484E+00   0.9000000000000000E+00   0.5334984035710133E-02  -0.3436535834996718E-02  -0.3031867008386963E-01
   0.3433172422957645E+00   0.9000000000000000E+00   0.5272780454150099E-02  -0.2870708707816089E-02  -0.2533287804057828E-01
   0.3100619574986342E+00   0.9000000000000000E+00   0.5218981643828748E-02  -0.2226932271261341E-02  -0.1965611932796370E-01
   0.2777325979007916E+00   0.9000000000000000E+00   0.5174440430598979E-02  -0.1486955482464546E-02  -0.1313359499454471E-01
   0.2464867199762811E+00   0.9000000000000000E+00   0.5140032305847551E-02  -0.8950672181542524E-03  -0.7912580217500926E-02
   0.2164765505490994E+00   0.9000000000000000E+00   0.5111595064557399E-02  -0.6397932944793523E-03  -0.5652280566595650E-02
   0.1878482570719029E+00   0.9000000000000000E+00   0.5085557465884860E-02  -0.1046958149254854E-03  -0.9301249405408914E-03
   0.1607413353722208E+00   0.9000000000000000E+00   0.5068986121319077E-02   0.5426247644925759E-03   0.4780932751787753E-02
   0.1352877550320907E+00   0.9000000000000000E+00   0.5057555011016092E-02   0.7301506246070225E-03   0.6448722055890893E-02
   0.1116114350556238E+00   0.9000000000000000E+00   0.5046539245404193E-02   0.1954673227799571E-03   0.1764119542413423E-02
   0.8982759469439976E-01   0.9000000000000000E+00   0.5029164948270631E-02  -0.1046035958101269E-02  -0.9136838098931789E-02
   0.7004225266319657E-01   0.9000000000000000E+00   0.5002527178231825E-02  -0.2942534063766587E-02  -0.2579596895148002E-01
   0.5235169036346841E-01   0.9000000000000000E+00   0.4964244854384446E-02  -0.6582154277559778E-02  -0.5777305812917916E-01
   0.3684189573413256E-01   0.9000000000000000E+00   0.4903999247129452E-02  -0.1316568950349009E-01  -0.1156660992714796E+00
   0.2358832038215053E-01   0.9000000000000000E+00   0.4812586699289142E-02  -0.2936176269696738E-01  -0.2581851693334689E+00
   0.1265533129172748E-01   0.9000000000000000E+00   0.4648141861212257E-02  -0.7036509974264325E-01  -0.6188941981712726E+00
   0.4095190158598330E-02   0.9000000000000000E+00   0.4348666173848335E-02  -0.1025093552695279E+00  -0.9003424122476733E+00
   0.4098462798895705E-02   0.9000000000000000E+00   0.3693888180075205E-02   0.1600051368283354E+00   0.1406595105621348E+01
   0.1265547153414988E-01   0.9000000000000000E+00   0.3749761871429605E-02  -0.2050274741803600E-04  -0.9105340696344184E-03
   0.2358781836339564E-01   0.9000000000000000E+00   0.3914010893754146E-02  -0.3296457381218348E-01  -0.2906812404999002E+00
   0.3684106477006571E-01   0.9000000000000000E+00   0.4178709089900983E-02  -0.5240480682604746E-01  -0.4616357717936111E+00
   0.5235075191985527E-01   0.9000000000000000E+00   0.4540069111059706E-02  -0.6575954560253852E-01  -0.5790755461662983E+00
   0.7004136267236888E-01   0.9000000000000000E+00   0.5003339386192795E-02  -0.7619829906980921E-01  -0.6708870726050076E+00
   0.8982685126018541E-01   0.9000000000000000E+00   0.5563404829838811E-02  -0.8408134929813466E-01  -0.7402206163203767E+00
   0.1116109321719586E+00   0.9000000000000000E+00   0.6218005752497102E-02  -0.9032926199638253E-01  -0.7951739123343332E+00
   0.1352875944808956E+00   0.9000000000000000E+00   0.6961982272817526E-02  -0.9517222541210882E-01  -0.8377746308892017E+00
   0.1607416123528185E+00   0.9000000000000000E+00   0.7789306483954528E-02  -0.9954284252062416E-01  -0.8762259121953512E+00
   0.1878489757675178E+00   0.9000000000000000E+00   0.8705212433054031E-02  -0.1036278679636901E+00  -0.9121642263879937E+00
   0.2164776970824524E+00   0.9000000000000000E+00   0.9700555460764336E-02  -0.1063881639399048E+00  -0.9364437311864460E+00
   0.2464883676795905E+00   0.9000000000000000E+00   0.1076059777392410E-01  -0.1082816763608500E+00  -0.9530967002557507E+00
   0.2777347406689811E+00   0.9000000000000000E+00   0.1188142464096846E-01  -0.1098941953896850E+00  -0.9672781060058400E+00
   0.3100645648382663E+00   0.9000000000000000E+00   0.1305587717449860E-01  -0.1113377770749993E+00  -0.9799743081377860E+00
   0.3433202602473468E+00   0.9000000000000000E+00   0.1428104358791786E-01  -0.1126946827248303E+00  -0.9919124890919104E+00
   0.3773397350820881E+00   0.9000000000000000E+00   0.1555027067500011E-01  -0.1138219281323381E+00  -0.1001834062902882E+01
   0.4119571579696050E+00   0.9000000000000000E+00   0.1685687379427213E-01  -0.1153060549982891E+00  -0.1014901278534509E+01
   0.4470037428293055E+00   0.9000000000000000E+00   0.1820619903048955E-01  -0.1163204945695559E+00  -0.1023838122111787E+01
   0.4823086512651829E+00   0.9000000000000000E+00   0.1957437657563199E-01  -0.1158528152135302E+00  -0.1019727942468413E+01
   0.5176997512501788E+00   0.9000000000000000E+00   0.2094198790938420E-01  -0.1145836676541618E+00  -0.1008556880816350E+01
   0.5530044950422137E+00   0.9000000000000000E+00   0.2229909231200580E-01  -0.1127846252918357E+00  -0.9927117273294630E+00
   0.5880507636968644E+00   0.9000000000000000E+00   0.2363320501812396E-01  -0.1104656120493322E+00  -0.9722839870720448E+00
   0.6226677069663505E+00   0.9000000000000000E+00   0.2493459735869247E-01  -0.1079482107176003E+00  -0.9501138448704393E+00
   0.6566865953097124E+00   0.9000000000000000E+00   0.2619853324886172E-01  -0.1051183405260780E+00  -0.9252001228969540E+00
   0.6899416116767813E+00   0.9000000000000000E+00   0.2741501005844035E-01  -0.1020251755600293E+00  -0.8979719029565840E+00
   0.7222706975920258E+00   0.9000000000000000E+00   0.2858006442116557E-01  -0.9930128803469285E-01  -0.8739977667661407E+00
   0.7535163975281406E+00   0.9000000000000000E+00   0.2969890564138331E-01  -0.9598970285403503E-01  -0.8448588754745181E+00
   0.7835264484331027E+00   0.9000000000000000E+00   0.3075519372385860E-01  -0.9185950977438223E-01  -0.8085232104482231E+00
   0.8121548564757588E+00   0.9000000000000000E+00   0.3174672694931460E-01  -0.8196682230328756E-01  -0.7215009641113937E+00
   0.8392616875021941E+00   0.9000000000000000E+00   0.3258432068019766E-01  -0.6839545054766479E-01  -0.6021253183218153E+00
   0.8647150835589200E+00   0.9000000000000000E+00   0.3326213016843298E-01  -0.5504492646551323E-01  -0.4846964478329830E+00
   0.8883911682960361E+00   0.9000000000000000E+00   0.3379022306315659E-01  -0.4262790791358292E-01  -0.3754810783130560E+00
   0.9101747319607457E+00   0.9000000000000000E+00   0.3418390227919067E-01  -0.3144264074399970E-01  -0.2771020709861602E+00
   0.9299598251053053E+00   0.9000000000000000E+00   0.3446323211400092E-01  -0.2059080469464989E-01  -0.1816519939589293E+00
   0.9476501407037025E+00   0.9000000000000000E+00   0.3463787114088464E-01  -0.1031077037601088E-01  -0.9122425175079724E-01
   0.9631596950803343E+00   0.9000000000000000E+00   0.3472697201673282E-01   0.6205724071539242E-03   0.4925146875278822E-02
   0.9764129872123281E+00   0.9000000000000000E+00   0.3473847999025622E-01   0.1171869578146352E-01   0.1025397388638010E+00
   0.9873456087382043E+00   0.9000000000000000E+00   0.3469270702960536E-01   0.2616530149873697E-01   0.2296472848659386E+00
   0.9959043924543133E+00   0.9000000000000000E+00   0.3458829023010936E-01   0.4046448551576302E-01   0.3554684356271121E+00
ZONE T="BLADE r/R= 0.950", I=  80 F=POINT
   0.9952696353415111E+00   0.9500000000000000E+00   0.6099608950387464E-02  -0.3317883493341829E-02  -0.3314267380274591E-01
   0.9867398941843455E+00   0.9500000000000000E+00   0.6097358944277848E-02  -0.5307549032482353E-02  -0.5237406818479397E-01
   0.9758429660189973E+00   0.9500000000000000E+00   0.6087417955994373E-02  -0.6372234718570627E-02  -0.6266992690952777E-01
   0.9626308939212371E+00   0.9500000000000000E+00   0.6074963362997162E-02  -0.3199449905427099E-02  -0.3179281001191882E-01
   0.9471668457804179E+00   0.9500000000000000E+00   0.6079625454485004E-02   0.1766459197531370E-02   0.1665903608884375E-01
   0.9295248995976682E+00   0.9500000000000000E+00   0.6096071282356454E-02   0.4725755232552365E-02   0.4558344024515202E-01
   0.9097896518646102E+00   0.9500000000000000E+00   0.6121841386311739E-02   0.6578996463717415E-02   0.6362578561389319E-01
   0.8880560626424827E+00   0.9500000000000000E+00   0.6156589648436427E-02   0.8765149008773523E-02   0.8484805463612663E-01
   0.8644287954534593E+00   0.9500000000000000E+00   0.6208061786200512E-02   0.1193837325212072E-01   0.1156734093520049E+00
   0.8390218893949460E+00   0.9500000000000000E+00   0.6285803635883974E-02   0.1566916941458269E-01   0.1519332141233951E+00
   0.8119582400031342E+00   0.9500000000000000E+00   0.6396279241768319E-02   0.1909222840071331E-01   0.1851721868573509E+00
   0.7833689316440008E+00   0.9500000000000000E+00   0.6539409194005538E-02   0.1827557116021394E-01   0.1772205327689050E+00
   0.7533933359503966E+00   0.9500000000000000E+00   0.6661267805068431E-02   0.1408828326226965E-01   0.1365583098139533E+00
   0.7221771138293126E+00   0.9500000000000000E+00   0.6753124327124607E-02   0.9620447537508684E-02   0.9318641807268646E-01
   0.6898724456066595E+00   0.9500000000000000E+00   0.6810060070257658E-02   0.5627615032004049E-02   0.5442223538443756E-01
   0.6566370233503134E+00   0.9500000000000000E+00   0.6837138185160610E-02   0.2230138547208466E-02   0.2143866005056461E-01
   0.6226334134116331E+00   0.9500000000000000E+00   0.6834871589425928E-02  -0.5400567004165742E-03  -0.5438420135057563E-02
   0.5880281210274920E+00   0.9500000000000000E+00   0.6810336217664145E-02  -0.2259699612197207E-02  -0.2209478701436076E-01
   0.5529907752009504E+00   0.9500000000000000E+00   0.6773982780525648E-02  -0.3160641990449152E-02  -0.3078946292019558E-01
   0.5176932607057031E+00   0.9500000000000000E+00   0.6730570532287870E-02  -0.4025402851850371E-02  -0.3914859256128925E-01
   0.4823088168895688E+00   0.9500000000000000E+00   0.6676676482734551E-02  -0.5562582451527441E-02  -0.5409175504316586E-01
   0.4470111366240189E+00   0.9500000000000000E+00   0.6603492300850076E-02  -0.7372142521180846E-02  -0.7171749547521217E-01
   0.4119734657160072E+00   0.9500000000000000E+00   0.6514312928505217E-02  -0.8124600223736244E-02  -0.7907297115817534E-01
   0.3773677351725007E+00   0.9500000000000000E+00   0.6426040591708771E-02  -0.8011186312864283E-02  -0.7800108205110770E-01
   0.3433635953286892E+00   0.9500000000000000E+00   0.6340393820506818E-02  -0.7593996574675323E-02  -0.7396294774614325E-01
   0.3101276031287565E+00   0.9500000000000000E+00   0.6261817641835946E-02  -0.6755071955157991E-02  -0.6581374733289168E-01
   0.2778223519658525E+00   0.9500000000000000E+00   0.6194043750579894E-02  -0.5584016127210593E-02  -0.5442426773483534E-01
   0.2466056636866052E+00   0.9500000000000000E+00   0.6139244022930228E-02  -0.4439338121499081E-02  -0.4328398777206271E-01
   0.2166297666346125E+00   0.9500000000000000E+00   0.6094642491971465E-02  -0.3546327899810079E-02  -0.3458608915234472E-01
   0.1880405525192368E+00   0.9500000000000000E+00   0.6057909445790139E-02  -0.2464573740725584E-02  -0.2405072995653644E-01
   0.1609769805013498E+00   0.9500000000000000E+00   0.6032550379974833E-02  -0.1317854175540447E-02  -0.1288373393466797E-01
   0.1355702343499698E+00   0.9500000000000000E+00   0.6015802834798614E-02  -0.5272892998865438E-03  -0.5194708205283585E-02
   0.1119432190891282E+00   0.9500000000000000E+00   0.6003926396784595E-02  -0.1380573559739920E-03  -0.1391182219919128E-02
   0.9020995705067550E-01   0.9500000000000000E+00   0.5993930456332413E-02   0.3286977395749118E-03   0.3200785476759175E-02
   0.7047514096901002E-01   0.9500000000000000E+00   0.5987963521559589E-02   0.1292880159089448E-02   0.1263653585919275E-01
   0.5283363372104136E-01   0.9500000000000000E+00   0.5988213892103523E-02   0.1574779569926282E-02   0.1539658992306967E-01
   0.3736997079293691E-01   0.9500000000000000E+00   0.5985250857212623E-02  -0.2782942838452780E-02  -0.2697923201532820E-01
   0.2415818047018817E-01   0.9500000000000000E+00   0.5950020250222039E-02  -0.1179087014798672E-01  -0.1142985308670814E+00
   0.1326125876998943E-01   0.9500000000000000E+00   0.5885148285806162E-02  -0.3027225257243274E-01  -0.2932719957347302E+00
   0.4729771392930975E-02   0.9500000000000000E+00   0.5760176653786831E-02   0.9047479216215721E-02   0.8959223052805175E-01
   0.4731322433175710E-02   0.9500000000000000E+00   0.5640401253560416E-02   0.4663959721571528E-01   0.4512002489325498E+00
   0.1325649031391799E-01   0.9500000000000000E+00   0.5790252775224078E-02  -0.3618220423567837E-01  -0.3527026968481339E+00
   0.2415112421532990E-01   0.9500000000000000E+00   0.5987822165974232E-02  -0.5281816723786604E-01  -0.5140003151690264E+00
   0.3736136936025644E-01   0.9500000000000000E+00   0.6245559333182133E-02  -0.6298230973186458E-01  -0.6125715458934466E+00
   0.5282405811966559E-01   0.9500000000000000E+00   0.6554060370173708E-02  -0.6957131830919926E-01  -0.6763621302209466E+00
   0.7046507549907366E-01   0.9500000000000000E+00   0.6926454352467181E-02  -0.7615494967328067E-01  -0.7401708133392622E+00
   0.9019982134690958E-01   0.9500000000000000E+00   0.7361588242966548E-02  -0.8125466234627911E-01  -0.7896219428034398E+00
   0.1119334208281881E+00   0.9500000000000000E+00   0.7856951674877039E-02  -0.8512659867657463E-01  -0.8271808581942990E+00
   0.1355611760934818E+00   0.9500000000000000E+00   0.8408190309444515E-02  -0.8796355107135663E-01  -0.8546990506458182E+00
   0.1609690223738098E+00   0.9500000000000000E+00   0.9011034585425149E-02  -0.9054694461233818E-01  -0.8797594693259240E+00
   0.1880339132701554E+00   0.9500000000000000E+00   0.9668399410324661E-02  -0.9309092643575620E-01  -0.9044516815101122E+00
   0.2166246009135227E+00   0.9500000000000000E+00   0.1037493724856648E-01  -0.9471345746507071E-01  -0.9201975484913046E+00
   0.2466021595125517E+00   0.9500000000000000E+00   0.1112092099069954E-01  -0.9567913550850732E-01  -0.9295587383588132E+00
   0.2778205417130495E+00   0.9500000000000000E+00   0.1190332307659686E-01  -0.9649223527923230E-01  -0.9374345686402172E+00
   0.3101274275010050E+00   0.9500000000000000E+00   0.1271760069899008E-01  -0.9729966305052078E-01  -0.9452665063889029E+00
   0.3433649084253657E+00   0.9500000000000000E+00   0.1356235327450943E-01  -0.9832901615301615E-01  -0.9552749772211243E+00
   0.3773703217745134E+00   0.9500000000000000E+00   0.1443638914113920E-01  -0.9963981780820123E-01  -0.9680422874178387E+00
   0.4119770580420775E+00   0.9500000000000000E+00   0.1533951625702066E-01  -0.1017556648696594E+00  -0.9886454369977089E+00
   0.4470153838353688E+00   0.9500000000000000E+00   0.1628008068023718E-01  -0.1036821352041487E+00  -0.1007416580516032E+01
   0.4823134010689763E+00   0.9500000000000000E+00   0.1724144908216081E-01  -0.1039717613261822E+00  -0.1010272791281074E+01
   0.5176978510508388E+00   0.9500000000000000E+00   0.1820513299310294E-01  -0.1027370831803998E+00  -0.9982711099963922E+00
   0.5529950505518889E+00   0.9500000000000000E+00   0.1915509536613843E-01  -0.1002404025982351E+00  -0.9739727757867682E+00
   0.5880317949625173E+00   0.9500000000000000E+00   0.2007653800521135E-01  -0.9709523876182038E-01  -0.9433653189918213E+00
   0.6226362526181102E+00   0.9500000000000000E+00   0.2096369125606180E-01  -0.9406523795514671E-01  -0.9138906242332185E+00
   0.6566388634973029E+00   0.9500000000000000E+00   0.2181618025322542E-01  -0.9121770604027929E-01  -0.8862085242290959E+00
   0.6898731756258023E+00   0.9500000000000000E+00   0.2263109015487171E-01  -0.8850776850694080E-01  -0.8598782541872371E+00
   0.7221767217021031E+00   0.9500000000000000E+00   0.2340745462758983E-01  -0.8622630326028835E-01  -0.8377169982798524E+00
   0.7533918954025723E+00   0.9500000000000000E+00   0.2414895957075970E-01  -0.8371058952151277E-01  -0.8132832129505936E+00
   0.7833665512540268E+00   0.9500000000000000E+00   0.2484720130415599E-01  -0.8089280196047820E-01  -0.7859221362217759E+00
   0.8119550996512960E+00   0.9500000000000000E+00   0.2550283018136691E-01  -0.7496025476213736E-01  -0.7283398024307645E+00
   0.8390182261999528E+00   0.9500000000000000E+00   0.2607108758232231E-01  -0.6725034497269940E-01  -0.6535281473963704E+00
   0.8644248719312277E+00   0.9500000000000000E+00   0.2654903341871892E-01  -0.5983233906311178E-01  -0.5815611988092041E+00
   0.8880521475318881E+00   0.9500000000000000E+00   0.2694153018684421E-01  -0.5296672054889250E-01  -0.5149433286116365E+00
   0.9097859819225946E+00   0.9500000000000000E+00   0.2725491126995440E-01  -0.4664678405030227E-01  -0.4536132807821784E+00
   0.9295216825988358E+00   0.9500000000000000E+00   0.2749674378619677E-01  -0.4029336277186658E-01  -0.3919688010481502E+00
   0.9471642551411940E+00   0.9500000000000000E+00   0.2766934987232303E-01  -0.3440427870199779E-01  -0.3348477330509453E+00
   0.9626290505939695E+00   0.9500000000000000E+00   0.2778632502198621E-01  -0.2863191692050394E-01  -0.2788382463905076E+00
   0.9758418611871980E+00   0.9500000000000000E+00   0.2785387343081424E-01  -0.2162836561616605E-01  -0.2108276955522758E+00
   0.9867394824561612E+00   0.9500000000000000E+00   0.2786612605764023E-01  -0.1193118330143429E-01  -0.1166964036879215E+00
   0.9952698247404241E+00   0.9500000000000000E+00   0.2782240503897130E-01  -0.3389195750265499E-02  -0.3383849122218834E-01
ZONE T="BLADE r/R= 0.995", I=  80 F=POINT
   0.8284695188196063E+00   0.9950000000000000E+00   0.8534946627211807E-02  -0.3078485231873486E-01  -0.3266351383686236E+00
   0.8279175659261482E+00   0.9950000000000000E+00   0.8526920812739116E-02  -0.3201430791217879E-01  -0.3393799409201990E+00
   0.8268391537800086E+00   0.9950000000000000E+00   0.8515225064172660E-02  -0.3322137971061705E-01  -0.3519065511718540E+00
   0.8249829595631107E+00   0.9950000000000000E+00   0.8499407013813120E-02  -0.3184495073536445E-01  -0.3372346500513080E+00
   0.8220692307452721E+00   0.9950000000000000E+00   0.8480183959999188E-02  -0.2649958602696100E-01  -0.2806924911215440E+00
   0.8178039454090528E+00   0.9950000000000000E+00   0.8458401018426423E-02  -0.2085623778544254E-01  -0.2209269676787271E+00
   0.8118935760475083E+00   0.9950000000000000E+00   0.8435195084240095E-02  -0.1664995299982198E-01  -0.1761752491011583E+00
   0.8040548288318988E+00   0.9950000000000000E+00   0.8408275119692173E-02  -0.1185044302231622E-01  -0.1251985119533359E+00
   0.7940252476140290E+00   0.9950000000000000E+00   0.8382639803125824E-02  -0.1017801100716174E-01  -0.1074424033689681E+00
   0.7815772774520173E+00   0.9950000000000000E+00   0.8363498503373010E-02  -0.1223250718406733E-01  -0.1291657488689557E+00
   0.7665276996597908E+00   0.9950000000000000E+00   0.8354298499429993E-02  -0.1528522549755765E-01  -0.1614816926075088E+00
   0.7487485307759341E+00   0.9950000000000000E+00   0.8359033358585583E-02  -0.1515809732470183E-01  -0.1602187432335966E+00
   0.7281696139995449E+00   0.9950000000000000E+00   0.8377211335798308E-02  -0.9922738985363543E-02  -0.1049313187686838E+00
   0.7047926569728924E+00   0.9950000000000000E+00   0.8407850607805790E-02  -0.8811252381481961E-03  -0.9334794413802115E-02
   0.6787104764686254E+00   0.9950000000000000E+00   0.8451496985674390E-02   0.1032934780169229E-01   0.1092649641387155E+00
   0.6501113417850740E+00   0.9950000000000000E+00   0.8510409124147945E-02   0.2294180556357529E-01   0.2427453385740358E+00
   0.6192811618660972E+00   0.9950000000000000E+00   0.8589567130950637E-02   0.3754688651035217E-01   0.3973429596762764E+00
   0.5865996427475577E+00   0.9950000000000000E+00   0.8697653700760142E-02   0.5622196248096629E-01   0.5950306443319140E+00
   0.5525303805439211E+00   0.9950000000000000E+00   0.8853091622311954E-02   0.8276884713229356E-01   0.8760364257181020E+00
   0.5176032483209315E+00   0.9950000000000000E+00   0.9088547510697778E-02   0.1063895286846899E+00   0.1126068661143942E+01
   0.4823904793730818E+00   0.9950000000000000E+00   0.9381572051146562E-02   0.8459815514468269E-01   0.8954304606783886E+00
   0.4474783647254596E+00   0.9950000000000000E+00   0.9584019879265071E-02   0.2898729585004365E-01   0.3068283776944904E+00
   0.4134373817694231E+00   0.9950000000000000E+00   0.9699301147437273E-02  -0.9963125731628877E-02  -0.1054139625045840E+00
   0.3807943754072523E+00   0.9950000000000000E+00   0.9768832100941593E-02  -0.3344182011324590E-01  -0.3538730787020446E+00
   0.3500093941316657E+00   0.9950000000000000E+00   0.9812229332635709E-02  -0.5040980253750001E-01  -0.5333853444360703E+00
   0.3214588079971506E+00   0.9950000000000000E+00   0.9839062398309610E-02  -0.6441284212860537E-01  -0.6814706844014494E+00
   0.2954257167804001E+00   0.9950000000000000E+00   0.9855041809730578E-02  -0.7713112586503293E-01  -0.8159019016257602E+00
   0.2720973676395113E+00   0.9950000000000000E+00   0.9863391886882015E-02  -0.8910408238887282E-01  -0.9423799111987601E+00
   0.2515678745179611E+00   0.9950000000000000E+00   0.9866031168734888E-02  -0.1006877511267571E+00  -0.1064665299795266E+01
   0.2338442755711132E+00   0.9950000000000000E+00   0.9864394122617215E-02  -0.1115299088381629E+00  -0.1179028024366479E+01
   0.2188574558107754E+00   0.9950000000000000E+00   0.9859312542781809E-02  -0.1191117588177948E+00  -0.1258847756560872E+01
   0.2064732231836670E+00   0.9950000000000000E+00   0.9850796482477874E-02  -0.1196661113673028E+00  -0.1264336219698248E+01
   0.1965017682663632E+00   0.9950000000000000E+00   0.9836961442703570E-02  -0.1064298959914537E+00  -0.1124122980635477E+01
   0.1887084757892236E+00   0.9950000000000000E+00   0.9816819524589538E-02  -0.7930128980144963E-01  -0.8373970808954870E+00
   0.1828259824330145E+00   0.9950000000000000E+00   0.9799637835265078E-02  -0.6897110357961034E-01  -0.7282272059534152E+00
   0.1785667851748576E+00   0.9950000000000000E+00   0.9784562774452898E-02  -0.6407718511073064E-01  -0.6764145416757261E+00
   0.1756316513293147E+00   0.9950000000000000E+00   0.9769775105504915E-02  -0.5702811429328246E-01  -0.6018449756926276E+00
   0.1737213184734302E+00   0.9950000000000000E+00   0.9757510773383712E-02  -0.5793079856763227E-01  -0.6111833446419001E+00
   0.1725451883260878E+00   0.9950000000000000E+00   0.9750245205284426E-02  -0.1064994904926872E+00  -0.1123293941797399E+01
   0.1717313284814348E+00   0.9950000000000000E+00   0.9762903749361444E-02  -0.1138644801727608E+00  -0.1201304694238585E+01
   0.1711919997121544E+00   0.9950000000000000E+00   0.9816714438221508E-02  -0.6827929220379782E-01  -0.7219117350679114E+00
   0.1712215705141888E+00   0.9950000000000000E+00   0.9891228385839661E-02  -0.1554736659904312E+00  -0.1643342258475368E+01
   0.1719620968584332E+00   0.9950000000000000E+00   0.9953804581387603E-02  -0.1432224345554607E+00  -0.1513906080687107E+01
   0.1735377620905749E+00   0.9950000000000000E+00   0.1002070981675361E-01  -0.1551717426020167E+00  -0.1640168509488569E+01
   0.1762203856208357E+00   0.9950000000000000E+00   0.1009534344762046E-01  -0.1686237781786995E+00  -0.1782332099058573E+01
   0.1803042354386787E+00   0.9950000000000000E+00   0.1018012688326166E-01  -0.1869759336983060E+00  -0.1976239552768041E+01
   0.1860890997912153E+00   0.9950000000000000E+00   0.1027881060467654E-01  -0.2065393429901128E+00  -0.2182927473285173E+01
   0.1938637308158154E+00   0.9950000000000000E+00   0.1039482970626679E-01  -0.2201692552464328E+00  -0.2327120063725959E+01
   0.2038935232483499E+00   0.9950000000000000E+00   0.1052599727803248E-01  -0.2285315532565516E+00  -0.2415838189339370E+01
   0.2164078200432965E+00   0.9950000000000000E+00   0.1067318039533015E-01  -0.2322851894956079E+00  -0.2455896103843396E+01
   0.2315904039345198E+00   0.9950000000000000E+00   0.1083836878424676E-01  -0.2318133126670792E+00  -0.2451301556465310E+01
   0.2495678346990770E+00   0.9950000000000000E+00   0.1101985248597843E-01  -0.2262505625236992E+00  -0.2392865021590075E+01
   0.2703955409461076E+00   0.9950000000000000E+00   0.1121790792509321E-01  -0.2174160288082031E+00  -0.2299779997342231E+01
   0.2940488295140633E+00   0.9950000000000000E+00   0.1143214193511478E-01  -0.2083574934569989E+00  -0.2204256065101440E+01
   0.3204147861615964E+00   0.9950000000000000E+00   0.1166303480702068E-01  -0.2008827962677445E+00  -0.2125413859618371E+01
   0.3492856219237917E+00   0.9950000000000000E+00   0.1191194628743857E-01  -0.1959644663561622E+00  -0.2073552871690963E+01
   0.3803570991910785E+00   0.9950000000000000E+00   0.1218047139718482E-01  -0.1949230554339617E+00  -0.2062661333719684E+01
   0.4132328317555058E+00   0.9950000000000000E+00   0.1247434932694386E-01  -0.1990964103573261E+00  -0.2106912388883477E+01
   0.4474360966700451E+00   0.9950000000000000E+00   0.1280442043386481E-01  -0.2082653518607164E+00  -0.2203998077329190E+01
   0.4824286439583330E+00   0.9950000000000000E+00   0.1318757879327032E-01  -0.2131941093637227E+00  -0.2256173255532286E+01
   0.5176357335716966E+00   0.9950000000000000E+00   0.1361956750466508E-01  -0.2020962939618776E+00  -0.2138704128114876E+01
   0.5524749851612063E+00   0.9950000000000000E+00   0.1402718922370829E-01  -0.1787551627758334E+00  -0.1891645647978818E+01
   0.5863856483338993E+00   0.9950000000000000E+00   0.1438706999110949E-01  -0.1563735298600927E+00  -0.1654734592056403E+01
   0.6188554331143136E+00   0.9950000000000000E+00   0.1471006057015331E-01  -0.1405050481092491E+00  -0.1486749887401511E+01
   0.6494423254675686E+00   0.9950000000000000E+00   0.1500491472050685E-01  -0.1302882412514902E+00  -0.1378570729861352E+01
   0.6777894812570364E+00   0.9950000000000000E+00   0.1527747172715339E-01  -0.1247000774512153E+00  -0.1319362142162921E+01
   0.7036329096623272E+00   0.9950000000000000E+00   0.1553039615875476E-01  -0.1230575613382779E+00  -0.1301885477969256E+01
   0.7268039679904432E+00   0.9950000000000000E+00   0.1576554275415548E-01  -0.1244307152438453E+00  -0.1316288892014087E+01
   0.7472252035116632E+00   0.9950000000000000E+00   0.1598417187507029E-01  -0.1282002517938561E+00  -0.1356009697245964E+01
   0.7649052600987145E+00   0.9950000000000000E+00   0.1618752189866638E-01  -0.1278905888620201E+00  -0.1352574290970343E+01
   0.7799199192189263E+00   0.9950000000000000E+00   0.1637117855547827E-01  -0.1254147956290662E+00  -0.1326224563620476E+01
   0.7923982362291235E+00   0.9950000000000000E+00   0.1653241576446748E-01  -0.1209987415221740E+00  -0.1279370429155862E+01
   0.8025206103487272E+00   0.9950000000000000E+00   0.1667152556693598E-01  -0.1150135393988860E+00  -0.1215959201444917E+01
   0.8105074589972533E+00   0.9950000000000000E+00   0.1678752572380001E-01  -0.1061145737065079E+00  -0.1121822001733857E+01
   0.8166102323927125E+00   0.9950000000000000E+00   0.1687928904513895E-01  -0.9350853740111832E-01  -0.9885669363521330E+00
   0.8210992919622511E+00   0.9950000000000000E+00   0.1695055150466964E-01  -0.8084566037777380E-01  -0.8547401972848520E+00
   0.8242543571572075E+00   0.9950000000000000E+00   0.1700443908482113E-01  -0.6579804147797082E-01  -0.6958178781587475E+00
   0.8263512588098176E+00   0.9950000000000000E+00   0.1704249571602104E-01  -0.4904930221772570E-01  -0.5190464600313698E+00
   0.8276500847644127E+00   0.9950000000000000E+00   0.1706557665778512E-01  -0.3151041104426617E-01  -0.3340932685814882E+00
   0.8283872016680419E+00   0.9950000000000000E+00   0.1707320960085488E-01  -0.3038643579798361E-01  -0.3224618688536505E+00
