TITLE = "PROPAN_10_T0"
VARIABLES="S/C","r/R","POT","CP","CPN"
ZONE T="BLADE r/R= 0.250", I=  80 F=POINT
   0.9963132581371299E+00   0.2500000000000000E+00   0.2091112318686990E-01   0.4921479428000756E+00   0.7957606903725130E+00
   0.9877442235044607E+00   0.2500000000000000E+00   0.2151285537700538E-01   0.3986561098521924E+00   0.6445885582946694E+00
   0.9767987620090234E+00   0.2500000000000000E+00   0.2205317142652825E-01   0.2972983091005625E+00   0.4807044111471190E+00
   0.9635302876859899E+00   0.2500000000000000E+00   0.2252006545438777E-01   0.2183270880270035E+00   0.3530219076246884E+00
   0.9480035347316940E+00   0.2500000000000000E+00   0.2289111994841574E-01   0.1522577852865711E+00   0.2462027602710058E+00
   0.9302942185378316E+00   0.2500000000000000E+00   0.2316541106141726E-01   0.9995694585660164E-01   0.1616475555302096E+00
   0.9104886827728487E+00   0.2500000000000000E+00   0.2334422080364120E-01   0.5687537565550404E-01   0.9200030456093225E-01
   0.8886834556995484E+00   0.2500000000000000E+00   0.2342192847293564E-01   0.2039677546782384E-01   0.3302992340368151E-01
   0.8649848029227440E+00   0.2500000000000000E+00   0.2340642492582486E-01  -0.7897585386091584E-02  -0.1270119135496458E-01
   0.8395082451264738E+00   0.2500000000000000E+00   0.2331194372759851E-01  -0.2916728809575578E-01  -0.4707252894830385E-01
   0.8123779835817670E+00   0.2500000000000000E+00   0.2314701350461326E-01  -0.4677881682528996E-01  -0.7553014237360489E-01
   0.7837264057113552E+00   0.2500000000000000E+00   0.2290968215985519E-01  -0.6929027569521039E-01  -0.1119196973064188E+00
   0.7536927781336764E+00   0.2500000000000000E+00   0.2254136333676035E-01  -0.9944401205739641E-01  -0.1606775905395956E+00
   0.7224232971371172E+00   0.2500000000000000E+00   0.2203882925669109E-01  -0.1285498664640816E+00  -0.2077422254641453E+00
   0.6900701862426599E+00   0.2500000000000000E+00   0.2140701422848651E-01  -0.1554738340051355E+00  -0.2512768719193096E+00
   0.6567909920661618E+00   0.2500000000000000E+00   0.2065361957236203E-01  -0.1808144847557409E+00  -0.2922518044491398E+00
   0.6227476380677438E+00   0.2500000000000000E+00   0.1977996842748230E-01  -0.2049362250604911E+00  -0.3312570847935235E+00
   0.5881059626103556E+00   0.2500000000000000E+00   0.1879555752771702E-01  -0.2270456071366721E+00  -0.3670048403412476E+00
   0.5530346866285583E+00   0.2500000000000000E+00   0.1770924226725557E-01  -0.2477768222847438E+00  -0.4005226394954104E+00
   0.5177046411461946E+00   0.2500000000000000E+00   0.1652723286839596E-01  -0.2677450107235999E+00  -0.4328049610595090E+00
   0.4822879500126500E+00   0.2500000000000000E+00   0.1525523376330560E-01  -0.2876098605520301E+00  -0.4649181989463269E+00
   0.4469570878416186E+00   0.2500000000000000E+00   0.1389585949792954E-01  -0.3058321523297359E+00  -0.4943745082863316E+00
   0.4118842834131183E+00   0.2500000000000000E+00   0.1246882082332257E-01  -0.3179525327005696E+00  -0.5139645540425479E+00
   0.3772408744532979E+00   0.2500000000000000E+00   0.1101501611804322E-01  -0.3291891374630883E+00  -0.5321255499788990E+00
   0.3431953435098329E+00   0.2500000000000000E+00   0.9519110003152456E-02  -0.3433725085969929E+00  -0.5550513706483028E+00
   0.3099136713239791E+00   0.2500000000000000E+00   0.7986402773399067E-02  -0.3580672519554228E+00  -0.5788049148894983E+00
   0.2775580817113529E+00   0.2500000000000000E+00   0.6424952542676667E-02  -0.3732416082890098E+00  -0.6033371587546169E+00
   0.2462862702820428E+00   0.2500000000000000E+00   0.4842580420667299E-02  -0.3893652940477823E+00  -0.6294070241881540E+00
   0.2162506344469138E+00   0.2500000000000000E+00   0.3245570528775766E-02  -0.4073923975527682E+00  -0.6585558289282407E+00
   0.1875974744811207E+00   0.2500000000000000E+00   0.1635918108268996E-02  -0.4208521900115513E+00  -0.6803255611557693E+00
   0.1604666594876369E+00   0.2500000000000000E+00   0.5560899533348526E-04  -0.4299061425770143E+00  -0.6949735214039751E+00
   0.1349903407228398E+00   0.2500000000000000E+00  -0.1481738938700307E-02  -0.4418441481552569E+00  -0.7142840345341901E+00
   0.1112925683244968E+00   0.2500000000000000E+00  -0.2981764005531369E-02  -0.4571069909691108E+00  -0.7389720399570222E+00
   0.8948882053057479E-01   0.2500000000000000E+00  -0.4440998551970218E-02  -0.4722177433514146E+00  -0.7634176822642632E+00
   0.6968535068234431E-01   0.2500000000000000E+00  -0.5847335724037633E-02  -0.4866519043840582E+00  -0.7867755533708574E+00
   0.5197861349283403E-01   0.2500000000000000E+00  -0.7193531012317399E-02  -0.5079170177118231E+00  -0.8211827140772060E+00
   0.3645480579942681E-01   0.2500000000000000E+00  -0.8498985881833818E-02  -0.5353687620153476E+00  -0.8655954077824832E+00
   0.2318964937044028E-01   0.2500000000000000E+00  -0.9782526586103747E-02  -0.5590482381655976E+00  -0.9040175740592749E+00
   0.1224786349830636E-01   0.2500000000000000E+00  -0.1108869030769530E-01  -0.5961120171595813E+00  -0.9643132196123062E+00
   0.3684271466560080E-02   0.2500000000000000E+00  -0.1303916880142904E-01   0.1508595269625728E+00   0.2434665522555447E+00
   0.3688321993570054E-02   0.2500000000000000E+00  -0.1494409572038129E-01   0.9505653631102844E+00   0.1537306821118549E+01
   0.1225705903810438E-01   0.2500000000000000E+00  -0.1529903737121294E-01   0.4525014801318029E+00   0.7318243502781931E+00
   0.2320124455985178E-01   0.2500000000000000E+00  -0.1529956585289114E-01   0.2036110657920398E+00   0.3294460426136119E+00
   0.3646764066557959E-01   0.2500000000000000E+00  -0.1504306373592622E-01   0.2358061670944589E-01   0.3842636721042696E-01
   0.5199160159716439E-01   0.2500000000000000E+00  -0.1455276255343571E-01  -0.1072535634831600E+00  -0.1730836859555336E+00
   0.6969762154076378E-01   0.2500000000000000E+00  -0.1382400071603322E-01  -0.2120283383284801E+00  -0.3424704932697525E+00
   0.8949951633554766E-01   0.2500000000000000E+00  -0.1285715232290927E-01  -0.2971746180204228E+00  -0.4801322816846932E+00
   0.1113008858069797E+00   0.2500000000000000E+00  -0.1166511130581824E-01  -0.3644534810938080E+00  -0.5889262091642704E+00
   0.1349955814289127E+00   0.2500000000000000E+00  -0.1026813499992769E-01  -0.4166599756472344E+00  -0.6733644439285377E+00
   0.1604682093509857E+00   0.2500000000000000E+00  -0.8683133774759079E-02  -0.4605291449966967E+00  -0.7443291588571535E+00
   0.1875950613060891E+00   0.2500000000000000E+00  -0.6906859438127528E-02  -0.4991199909496577E+00  -0.8067629714741442E+00
   0.2162441784487671E+00   0.2500000000000000E+00  -0.4965662433273905E-02  -0.5249878466576573E+00  -0.8486281317279870E+00
   0.2462757388189233E+00   0.2500000000000000E+00  -0.2909681987956829E-02  -0.5402384988896357E+00  -0.8733274196634460E+00
   0.2775437491553019E+00   0.2500000000000000E+00  -0.7480584976055983E-03  -0.5524428970861871E+00  -0.8930969199646167E+00
   0.3098959822774547E+00   0.2500000000000000E+00   0.1504125441735780E-02  -0.5618412354390948E+00  -0.9083251651200660E+00
   0.3431749763010204E+00   0.2500000000000000E+00   0.3835607696993447E-02  -0.5689600653736453E+00  -0.9198641916530264E+00
   0.3772186368084066E+00   0.2500000000000000E+00   0.6231744075373520E-02  -0.5737320643922780E+00  -0.9276051050003841E+00
   0.4118610346698146E+00   0.2500000000000000E+00   0.8679727802695665E-02  -0.5799994396297385E+00  -0.9377590472362050E+00
   0.4469340108021762E+00   0.2500000000000000E+00   0.1119320927418192E-01  -0.5825311681553109E+00  -0.9418704621172919E+00
   0.4822660105129802E+00   0.2500000000000000E+00   0.1372169529605752E-01  -0.5754445982598266E+00  -0.9304297519915595E+00
   0.5176847016446825E+00   0.2500000000000000E+00   0.1623313272945222E-01  -0.5642413099470902E+00  -0.9123294067046576E+00
   0.5530175614864883E+00   0.2500000000000000E+00   0.1871613635431914E-01  -0.5506256360715275E+00  -0.8903257476904168E+00
   0.5880922909518078E+00   0.2500000000000000E+00   0.2115331940102099E-01  -0.5336467591789301E+00  -0.8628828086240717E+00
   0.6227378578121063E+00   0.2500000000000000E+00   0.2352602997633304E-01  -0.5131968887394095E+00  -0.8298263641137510E+00
   0.6567853669236314E+00   0.2500000000000000E+00   0.2581667238495745E-01  -0.4878276526890341E+00  -0.7888147414700539E+00
   0.6900687066886524E+00   0.2500000000000000E+00   0.2799818919438734E-01  -0.4588573446921486E+00  -0.7419789373568654E+00
   0.7224257220154354E+00   0.2500000000000000E+00   0.3005872761654867E-01  -0.4279222382176547E+00  -0.6919654852548155E+00
   0.7536987903826788E+00   0.2500000000000000E+00   0.3199032241281125E-01  -0.3914860166994761E+00  -0.6330553384122305E+00
   0.7837353840850683E+00   0.2500000000000000E+00   0.3376633129344978E-01  -0.3495109952393078E+00  -0.5651873921129548E+00
   0.8123893392578697E+00   0.2500000000000000E+00   0.3537179070962553E-01  -0.2920716246994989E+00  -0.4722939691669786E+00
   0.8395207482910999E+00   0.2500000000000000E+00   0.3673767814754394E-01  -0.2260244106876678E+00  -0.3654720286219222E+00
   0.8649975784197466E+00   0.2500000000000000E+00   0.3785078340507895E-01  -0.1581934134682135E+00  -0.2557683306097647E+00
   0.8886957937843875E+00   0.2500000000000000E+00   0.3871222970477593E-01  -0.8916070662047133E-01  -0.1441243986579718E+00
   0.9105000160440094E+00   0.2500000000000000E+00   0.3932682458380799E-01  -0.2006538306137594E-01  -0.3238698120861614E-01
   0.9303041176281702E+00   0.2500000000000000E+00   0.3971184441146573E-01   0.5048876134418182E-01   0.8170248045672256E-01
   0.9480116801547435E+00   0.2500000000000000E+00   0.3988385873779077E-01   0.1226745603126260E+00   0.1984226863619031E+00
   0.9635365052796472E+00   0.2500000000000000E+00   0.3986871051672029E-01   0.2044784864335660E+00   0.3306889661216269E+00
   0.9768030096145187E+00   0.2500000000000000E+00   0.3967552920559592E-01   0.2928261195528196E+00   0.4735313480630777E+00
   0.9877466381732143E+00   0.2500000000000000E+00   0.3934043824428060E-01   0.3978936368647130E+00   0.6433884134504383E+00
   0.9963141156799258E+00   0.2500000000000000E+00   0.3889115392049890E-01   0.4921513206327991E+00   0.7957662615957868E+00
ZONE T="BLADE r/R= 0.500", I=  80 F=POINT
   0.9962377104466761E+00   0.5000000000000000E+00   0.9801107057914401E-02   0.2793353459499435E+00   0.9678770368541633E+00
   0.9876687219335362E+00   0.5000000000000000E+00   0.1043238471533912E-01   0.2259543645075886E+00   0.7829074962801382E+00
   0.9767233666458636E+00   0.5000000000000000E+00   0.1102889040657419E-01   0.1702955753881857E+00   0.5900521354593332E+00
   0.9634551155814887E+00   0.5000000000000000E+00   0.1157441448551417E-01   0.1288496224295742E+00   0.4464521617290100E+00
   0.9479287733147671E+00   0.5000000000000000E+00   0.1205453818998853E-01   0.9719360322754443E-01   0.3367861492647886E+00
   0.9302201092310189E+00   0.5000000000000000E+00   0.1247216870828699E-01   0.7462149920418229E-01   0.2586050607665343E+00
   0.9104154718214909E+00   0.5000000000000000E+00   0.1284125484152597E-01   0.5812229424915289E-01   0.2014735950297740E+00
   0.8886115127785714E+00   0.5000000000000000E+00   0.1315965889878463E-01   0.4595063509270087E-01   0.1593422537709225E+00
   0.8649145336455037E+00   0.5000000000000000E+00   0.1344565782510974E-01   0.3909954722445955E-01   0.1356541021268050E+00
   0.8394400364787372E+00   0.5000000000000000E+00   0.1372287195703712E-01   0.3630508310437394E-01   0.1260250467605187E+00
   0.8123121849097624E+00   0.5000000000000000E+00   0.1400718589089306E-01   0.3505374597895335E-01   0.1217411952945753E+00
   0.7836631326227498E+00   0.5000000000000000E+00   0.1429592418668461E-01   0.2693743166960368E-01   0.9364507090146025E-01
   0.7536328576417923E+00   0.5000000000000000E+00   0.1447264514848121E-01   0.1116123499245012E-01   0.3898706350594217E-01
   0.7223675710017412E+00   0.5000000000000000E+00   0.1452081777750490E-01  -0.4834091057271898E-02  -0.1643456354756774E-01
   0.6900195565010655E+00   0.5000000000000000E+00   0.1443456517851424E-01  -0.1975601719563935E-01  -0.6813919647609376E-01
   0.6567463168236448E+00   0.5000000000000000E+00   0.1422313445927260E-01  -0.3368442352944286E-01  -0.1163993459025890E+00
   0.6227098900489302E+00   0.5000000000000000E+00   0.1388324122427844E-01  -0.4677726312863512E-01  -0.1617648425884875E+00
   0.5880759821968854E+00   0.5000000000000000E+00   0.1342632813034251E-01  -0.5836257245120542E-01  -0.2019070233644706E+00
   0.5530132087601466E+00   0.5000000000000000E+00   0.1286441699135860E-01  -0.6873379067791711E-01  -0.2378402016839168E+00
   0.5176922712638555E+00   0.5000000000000000E+00   0.1220738215337840E-01  -0.7819841822349156E-01  -0.2706313613709267E+00
   0.4822851258477949E+00   0.5000000000000000E+00   0.1146474654100993E-01  -0.8701588052489383E-01  -0.3011793484666136E+00
   0.4469641436172984E+00   0.5000000000000000E+00   0.1064425796043000E-01  -0.9453631400025315E-01  -0.3272317088043137E+00
   0.4119012968095552E+00   0.5000000000000000E+00   0.9768053986114399E-02  -0.9898123375476550E-01  -0.3426274724904583E+00
   0.3772673795711844E+00   0.5000000000000000E+00   0.8875678835723509E-02  -0.1026703716277676E+00  -0.3554043659800312E+00
   0.3432309878162463E+00   0.5000000000000000E+00   0.7954334487387048E-02  -0.1075989420598810E+00  -0.3724742667133480E+00
   0.3099578905511488E+00   0.5000000000000000E+00   0.7006614750721855E-02  -0.1129000484708052E+00  -0.3908351682994792E+00
   0.2776101513083605E+00   0.5000000000000000E+00   0.6036766561654896E-02  -0.1186069382510150E+00  -0.4106025564914447E+00
   0.2463453509258827E+00   0.5000000000000000E+00   0.5048574287542778E-02  -0.1251776695868130E+00  -0.4333626641374647E+00
   0.2163158007992354E+00   0.5000000000000000E+00   0.4041451834376058E-02  -0.1331782050657316E+00  -0.4610788070998230E+00
   0.1876677878342622E+00   0.5000000000000000E+00   0.3012888588827015E-02  -0.1401956590329281E+00  -0.4853938584091600E+00
   0.1605410410431003E+00   0.5000000000000000E+00   0.1994209038264691E-02  -0.1463817136239896E+00  -0.5068332285722221E+00
   0.1350677531237439E+00   0.5000000000000000E+00   0.9889314990304745E-03  -0.1547601935941223E+00  -0.5358732537619477E+00
   0.1113720724352409E+00   0.5000000000000000E+00  -0.1078371143703252E-04  -0.1662641348094110E+00  -0.5757482126893854E+00
   0.8956953367321406E-01   0.5000000000000000E+00  -0.1008872756077053E-02  -0.1803828121026401E+00  -0.6246995329038892E+00
   0.6976648784963661E-01   0.5000000000000000E+00  -0.2000703703644936E-02  -0.1979253598554568E+00  -0.6855358079795865E+00
   0.5205953583166717E-01   0.5000000000000000E+00  -0.2986626980858983E-02  -0.2252258095349198E+00  -0.7802075960206259E+00
   0.3653499779823825E-01   0.5000000000000000E+00  -0.3996122791229107E-02  -0.2678982312986565E+00  -0.9281936024479777E+00
   0.2326866167404020E-01   0.5000000000000000E+00  -0.5051777211528652E-02  -0.3398678000816338E+00  -0.1177836232305099E+01
   0.1232529029129371E-01   0.5000000000000000E+00  -0.6217615904175798E-02  -0.5326311071811396E+00  -0.1846418838138915E+01
   0.3758389194209999E-02   0.5000000000000000E+00  -0.8002146996088647E-02  -0.3842611169890375E+00  -0.1335491143535117E+01
   0.3768812472887751E-02   0.5000000000000000E+00  -0.1079269126807736E-01   0.8078986534092368E+00   0.2801265048331322E+01
   0.1233744206316378E-01   0.5000000000000000E+00  -0.1149067679586748E-01   0.3178871926436341E+00   0.1101785180418895E+01
   0.2328367280090985E-01   0.5000000000000000E+00  -0.1182946911712008E-01   0.1639018722755356E+00   0.5680490579577819E+00
   0.3655252606137392E-01   0.5000000000000000E+00  -0.1192336065430290E-01   0.6620518641190581E-01   0.2294873054307846E+00
   0.5207924390220949E-01   0.5000000000000000E+00  -0.1180617757221929E-01  -0.1328705530609985E-03  -0.3868346116391422E-03
   0.6978799724388780E-01   0.5000000000000000E+00  -0.1147219410967069E-01  -0.5201311234030830E-01  -0.1801483957051895E+00
   0.8959237500250843E-01   0.5000000000000000E+00  -0.1092196097107215E-01  -0.9368752619932202E-01  -0.3245414932256673E+00
   0.1113957729996652E+00   0.5000000000000000E+00  -0.1015835155378047E-01  -0.1276713467414190E+00  -0.4422900845591692E+00
   0.1350918927959290E+00   0.5000000000000000E+00  -0.9190254745695361E-02  -0.1555850630525494E+00  -0.5390051131044822E+00
   0.1605652503857035E+00   0.5000000000000000E+00  -0.8024562094464054E-02  -0.1807142660919085E+00  -0.6260737746353718E+00
   0.1876916478389022E+00   0.5000000000000000E+00  -0.6645255925798874E-02  -0.2041612696353244E+00  -0.7073138723117479E+00
   0.2163389373485194E+00   0.5000000000000000E+00  -0.5068041009240888E-02  -0.2224570923285770E+00  -0.7707087463071366E+00
   0.2463676267777555E+00   0.5000000000000000E+00  -0.3329252815279847E-02  -0.2368210575961994E+00  -0.8204826440255679E+00
   0.2776314522960208E+00   0.5000000000000000E+00  -0.1431698926857948E-02  -0.2499249626896771E+00  -0.8658927367749953E+00
   0.3099781794890655E+00   0.5000000000000000E+00   0.6125088502307559E-03  -0.2616873594207424E+00  -0.9066566922208459E+00
   0.3432503144415953E+00   0.5000000000000000E+00   0.2794834613622562E-02  -0.2721994838344552E+00  -0.9430889587201036E+00
   0.3772858751664998E+00   0.5000000000000000E+00   0.5099351401230366E-02  -0.2811589916950947E+00  -0.9741436404816887E+00
   0.4119191624428697E+00   0.5000000000000000E+00   0.7509603186200499E-02  -0.2901552805683609E+00  -0.1005325189893256E+01
   0.4469816155829757E+00   0.5000000000000000E+00   0.1003177769384084E-01  -0.2968334653667801E+00  -0.1028476661677924E+01
   0.4823024960754645E+00   0.5000000000000000E+00   0.1261135745686976E-01  -0.2986021133061559E+00  -0.1034621092387737E+01
   0.5177098180016917E+00   0.5000000000000000E+00   0.1521047885573418E-01  -0.2978460228000490E+00  -0.1032018596580204E+01
   0.5530311940711240E+00   0.5000000000000000E+00   0.1780976313837969E-01  -0.2953240971782115E+00  -0.1023297699725900E+01
   0.5880946116210573E+00   0.5000000000000000E+00   0.2038442196007013E-01  -0.2906936905396305E+00  -0.1007271451164627E+01
   0.6227292932055365E+00   0.5000000000000000E+00   0.2290985114993887E-01  -0.2840803861360618E+00  -0.9843761519605603E+00
   0.6567665434705082E+00   0.5000000000000000E+00   0.2536436240396437E-01  -0.2749169149284397E+00  -0.9526459134806814E+00
   0.6900405107855125E+00   0.5000000000000000E+00   0.2771811892522215E-01  -0.2636254932425887E+00  -0.9135422195090712E+00
   0.7223890916325714E+00   0.5000000000000000E+00   0.2995539592557007E-01  -0.2514221424223023E+00  -0.8712812556121562E+00
   0.7536547208241154E+00   0.5000000000000000E+00   0.3207030800812905E-01  -0.2358886158330815E+00  -0.8174815340172050E+00
   0.7836849456423119E+00   0.5000000000000000E+00   0.3402621673409906E-01  -0.2165833180435246E+00  -0.7506101783368646E+00
   0.8123335524185473E+00   0.5000000000000000E+00   0.3580864636757430E-01  -0.1835422008055402E+00  -0.6361222551971051E+00
   0.8394604404200261E+00   0.5000000000000000E+00   0.3728680774949831E-01  -0.1412619892918819E+00  -0.4895983098223960E+00
   0.8649335345730289E+00   0.5000000000000000E+00   0.3844520442228035E-01  -0.9770510153955414E-01  -0.3386504137186229E+00
   0.8886287279729982E+00   0.5000000000000000E+00   0.3929462338844308E-01  -0.5439827086775594E-01  -0.1885731505380745E+00
   0.9104305652677609E+00   0.5000000000000000E+00   0.3985608192742459E-01  -0.1235638339601732E-01  -0.4288758592265659E-01
   0.9302328448084093E+00   0.5000000000000000E+00   0.4016418855459328E-01   0.3003045291958576E-01   0.1039895819279505E+00
   0.9479390386290983E+00   0.5000000000000000E+00   0.4024372153214682E-01   0.7211025114097425E-01   0.2497990075734089E+00
   0.9634629048856269E+00   0.5000000000000000E+00   0.4013759832344415E-01   0.1184529270987131E+00   0.4103748735156554E+00
   0.9767287312639981E+00   0.5000000000000000E+00   0.3986444809257852E-01   0.1677615131388980E+00   0.5812322159002757E+00
   0.9876719238149646E+00   0.5000000000000000E+00   0.3947323904019119E-01   0.2256935317256017E+00   0.7819821859112442E+00
   0.9962391423869864E+00   0.5000000000000000E+00   0.3899753649002633E-01   0.2793371810914274E+00   0.9678833970745199E+00
ZONE T="BLADE r/R= 0.750", I=  80 F=POINT
   0.9961382177238555E+00   0.7500000000000000E+00   0.3731828881471345E-02   0.1258815321021046E+00   0.8237910432750810E+00
   0.9875707036654618E+00   0.7500000000000000E+00   0.4112221184538976E-02   0.1013061515924252E+00   0.6629714966501301E+00
   0.9766272634679338E+00   0.7500000000000000E+00   0.4472679943672795E-02   0.7629994495789970E-01   0.4993390173817069E+00
   0.9633613676607394E+00   0.7500000000000000E+00   0.4803854106889215E-02   0.5845173430394611E-01   0.3825545087748293E+00
   0.9478377984414811E+00   0.7500000000000000E+00   0.5100788875721958E-02   0.4557475970615527E-01   0.2983021660120628E+00
   0.9301323454293740E+00   0.7500000000000000E+00   0.5366798386275774E-02   0.3754779602120681E-01   0.2457945596554599E+00
   0.9103313567290283E+00   0.7500000000000000E+00   0.5622627531135679E-02   0.3297004841737872E-01   0.2158649682590980E+00
   0.8885315011560269E+00   0.7500000000000000E+00   0.5872135130258913E-02   0.3102179267834618E-01   0.2031520595445181E+00
   0.8648390752314700E+00   0.7500000000000000E+00   0.6141221601391487E-02   0.3246704989419166E-01   0.2126625224013902E+00
   0.8393695830931859E+00   0.7500000000000000E+00   0.6459720654586037E-02   0.3635940275450559E-01   0.2381982420028320E+00
   0.8122471808899733E+00   0.7500000000000000E+00   0.6849527246076776E-02   0.4095793361193072E-01   0.2683569166733912E+00
   0.7836039740642076E+00   0.7500000000000000E+00   0.7312758993387210E-02   0.3933888415231531E-01   0.2577767830293812E+00
   0.7535800479967617E+00   0.7500000000000000E+00   0.7714464179141702E-02   0.3134132518677252E-01   0.2054080898885581E+00
   0.7223215590311065E+00   0.7500000000000000E+00   0.8032855676978670E-02   0.2258264283831639E-01   0.1480489626726364E+00
   0.6899807883311698E+00   0.7500000000000000E+00   0.8252761348336251E-02   0.1422481304889818E-01   0.9331338568715747E-01
   0.6567151913860735E+00   0.7500000000000000E+00   0.8382926343043126E-02   0.6555133950133559E-02   0.4308649718380057E-01
   0.6226867721057135E+00   0.7500000000000000E+00   0.8419142089576854E-02  -0.6592755573949608E-03  -0.4158224409485464E-02
   0.5880611909033535E+00   0.7500000000000000E+00   0.8368284136094004E-02  -0.6972895057142671E-02  -0.4550276355262999E-01
   0.5530069995715967E+00   0.7500000000000000E+00   0.8240792625877609E-02  -0.1248530189977918E-01  -0.8159850541985096E-01
   0.5176948291298535E+00   0.7500000000000000E+00   0.8044219976450247E-02  -0.1741325810118692E-01  -0.1138665795269672E+00
   0.4822965550100475E+00   0.7500000000000000E+00   0.7785896701615774E-02  -0.2183208434889320E-01  -0.1427997018484553E+00
   0.4469844653384545E+00   0.7500000000000000E+00   0.7473363605042363E-02  -0.2542765370800051E-01  -0.1663393904778974E+00
   0.4119304329393113E+00   0.7500000000000000E+00   0.7123244491947174E-02  -0.2743652449968284E-01  -0.1794885112487839E+00
   0.3773051175563464E+00   0.7500000000000000E+00   0.6763226143469053E-02  -0.2896558564212911E-01  -0.1894955249964476E+00
   0.3432770561186040E+00   0.7500000000000000E+00   0.6384158162597414E-02  -0.3107623129282234E-01  -0.2033104425058543E+00
   0.3100119198511105E+00   0.7500000000000000E+00   0.5985866952763499E-02  -0.3345022032705725E-01  -0.2188487848877521E+00
   0.2776716873023024E+00   0.7500000000000000E+00   0.5568592121500750E-02  -0.3612807678448977E-01  -0.2363771821832491E+00
   0.2464138664965352E+00   0.7500000000000000E+00   0.5132474973094092E-02  -0.3941280378104018E-01  -0.2578804781651859E+00
   0.2163907085097150E+00   0.7500000000000000E+00   0.4672858652684807E-02  -0.4360411274323799E-01  -0.2853213892942675E+00
   0.1877484667920077E+00   0.7500000000000000E+00   0.4185561498552729E-02  -0.4771364003295860E-01  -0.3122320160972042E+00
   0.1606267985020210E+00   0.7500000000000000E+00   0.3687539240313661E-02  -0.5198820894088167E-01  -0.3402313079211334E+00
   0.1351578873300504E+00   0.7500000000000000E+00   0.3174775872307531E-02  -0.5780721988115994E-01  -0.3783491496678054E+00
   0.1114659074332509E+00   0.7500000000000000E+00   0.2640076335273563E-02  -0.6576885723653933E-01  -0.4305048567614145E+00
   0.8966639527295486E-01   0.7500000000000000E+00   0.2076379247075067E-02  -0.7598382877442704E-01  -0.4974227435038613E+00
   0.6986572206421300E-01   0.7500000000000000E+00   0.1483937834798379E-02  -0.8923028158309512E-01  -0.5841904175895205E+00
   0.5216052568449930E-01   0.7500000000000000E+00   0.8586605563544471E-03  -0.1094487774737692E+00  -0.7166075618809059E+00
   0.3663716813871828E-01   0.7500000000000000E+00   0.1746890315039005E-03  -0.1409468017892489E+00  -0.9228863658642160E+00
   0.2337146839653634E-01   0.7500000000000000E+00  -0.5844757651968626E-03  -0.1977741260325260E+00  -0.1295092520917908E+01
   0.1242815664901976E-01   0.7500000000000000E+00  -0.1486652889724963E-02  -0.3379528186972101E+00  -0.2213199331083765E+01
   0.3860011784328757E-02   0.7500000000000000E+00  -0.2782229198742951E-02  -0.6391793397288990E+00  -0.4189136719603568E+01
   0.3865414270339468E-02   0.7500000000000000E+00  -0.5803109478547184E-02   0.5428735235375544E+00   0.3554314951099023E+01
   0.1243199274954395E-01   0.7500000000000000E+00  -0.6496517530428964E-02   0.1934230028115463E+00   0.1266638777237994E+01
   0.2337576372745300E-01   0.7500000000000000E+00  -0.6872703508983146E-02   0.9802583991587979E-01   0.6419520062456190E+00
   0.3664203671620522E-01   0.7500000000000000E+00  -0.7036330277676228E-02   0.4148448010177519E-01   0.2717167879579883E+00
   0.5216601937674731E-01   0.7500000000000000E+00  -0.7019901266195746E-02   0.3520112995649724E-02   0.2309136188714584E-01
   0.6987183439463145E-01   0.7500000000000000E+00  -0.6820475537993437E-02  -0.2586551642185627E-01  -0.1693685437181605E+00
   0.8967305340262931E-01   0.7500000000000000E+00  -0.6442473645501516E-02  -0.4911097154244550E-01  -0.3216151319470523E+00
   0.1114730266544057E+00   0.7500000000000000E+00  -0.5887833294262281E-02  -0.6802746694304938E-01  -0.4455023423146194E+00
   0.1351654084942575E+00   0.7500000000000000E+00  -0.5164421755537918E-02  -0.8336623547844306E-01  -0.5459493300175440E+00
   0.1606346748446920E+00   0.7500000000000000E+00  -0.4281015587584595E-02  -0.9689319957955143E-01  -0.6345218194322283E+00
   0.1877565653552857E+00   0.7500000000000000E+00  -0.3226843875615968E-02  -0.1092619447445409E+00  -0.7155021690160139E+00
   0.2163988964685860E+00   0.7500000000000000E+00  -0.2016079058385102E-02  -0.1188720645847610E+00  -0.7784200910568601E+00
   0.2464221462204627E+00   0.7500000000000000E+00  -0.6749432013333004E-03  -0.1264945795622567E+00  -0.8283265602276766E+00
   0.2776800117749694E+00   0.7500000000000000E+00   0.7922862872357128E-03  -0.1333548453724869E+00  -0.8732404295119075E+00
   0.3100202495825403E+00   0.7500000000000000E+00   0.2375413179812426E-02  -0.1395588445351632E+00  -0.9138583038418726E+00
   0.3432853578776215E+00   0.7500000000000000E+00   0.4068866215070776E-02  -0.1452029562322994E+00  -0.9508120367800426E+00
   0.3773133783842111E+00   0.7500000000000000E+00   0.5860431876151964E-02  -0.1501047583792440E+00  -0.9829046730775395E+00
   0.4119386601245718E+00   0.7500000000000000E+00   0.7737684156206541E-02  -0.1550604460246097E+00  -0.1015350949401644E+01
   0.4469926393974861E+00   0.7500000000000000E+00   0.9704768020275725E-02  -0.1589820753410624E+00  -0.1041028939761131E+01
   0.4823047188534572E+00   0.7500000000000000E+00   0.1172187645989562E-01  -0.1605866701261708E+00  -0.1051537511924883E+01
   0.5177030207303811E+00   0.7500000000000000E+00   0.1376042890826070E-01  -0.1610793325223513E+00  -0.1054765309594763E+01
   0.5530152498934404E+00   0.7500000000000000E+00   0.1580739264450167E-01  -0.1608273441499681E+00  -0.1053119475123580E+01
   0.5880695205627905E+00   0.7500000000000000E+00   0.1784343736621375E-01  -0.1596134237149067E+00  -0.1045178667374832E+01
   0.6226951882170385E+00   0.7500000000000000E+00   0.1985032618378618E-01  -0.1576274630100800E+00  -0.1032184740950869E+01
   0.6567236864471281E+00   0.7500000000000000E+00   0.2181387348355293E-01  -0.1545915103384516E+00  -0.1012320407841806E+01
   0.6899893081526424E+00   0.7500000000000000E+00   0.2371215890474379E-01  -0.1505680845589182E+00  -0.9859936231846816E+00
   0.7223300501237365E+00   0.7500000000000000E+00   0.2553272805103070E-01  -0.1464125632025028E+00  -0.9588068028030642E+00
   0.7535884451325469E+00   0.7500000000000000E+00   0.2727565351518457E-01  -0.1406652177650364E+00  -0.9212008187389685E+00
   0.7836121527852601E+00   0.7500000000000000E+00   0.2890834864955041E-01  -0.1327285638715811E+00  -0.8692605969723436E+00
   0.8122550213730469E+00   0.7500000000000000E+00   0.3041755747023038E-01  -0.1150168120125391E+00  -0.7532944532602808E+00
   0.8393769647700945E+00   0.7500000000000000E+00   0.3165742059254154E-01  -0.9034395503608217E-01  -0.5917327698007732E+00
   0.8648458890940991E+00   0.7500000000000000E+00   0.3261915198478600E-01  -0.6532277648852945E-01  -0.4278951170045436E+00
   0.8885376511706713E+00   0.7500000000000000E+00   0.3331937969393009E-01  -0.4127047094533633E-01  -0.2704092964609471E+00
   0.9103367484697015E+00   0.7500000000000000E+00   0.3378575534267764E-01  -0.1892151896819647E-01  -0.1240845643620169E+00
   0.9301369149458694E+00   0.7500000000000000E+00   0.3405540742039156E-01   0.3007971405930678E-02   0.1948837138407781E-01
   0.9478415274369202E+00   0.7500000000000000E+00   0.3415017800156745E-01   0.2397327273637723E-01   0.1567385451245707E+00
   0.9633642725246629E+00   0.7500000000000000E+00   0.3410997501374578E-01   0.4640165630192285E-01   0.3035545961599559E+00
   0.9766293433054506E+00   0.7500000000000000E+00   0.3395013738780307E-01   0.7008010288967262E-01   0.4585393998363887E+00
   0.9875720481506653E+00   0.7500000000000000E+00   0.3370765205645423E-01   0.9863638349658560E-01   0.6454527489638079E+00
   0.9961389660202662E+00   0.7500000000000000E+00   0.3340097918676426E-01   0.1258818385908018E+00   0.8237929224226375E+00
ZONE T="BLADE r/R= 0.900", I=  80 F=POINT
   0.9959039430203339E+00   0.9000000000000000E+00   0.4470618753790871E-02   0.4554089210723453E-01   0.4089414835662484E+00
   0.9873450832102130E+00   0.9000000000000000E+00   0.4590595601081527E-02   0.3622660944177519E-01   0.3252540099982659E+00
   0.9764123561625480E+00   0.9000000000000000E+00   0.4702465048249485E-02   0.2755880092953509E-01   0.2474032824773892E+00
   0.9631589407602312E+00   0.9000000000000000E+00   0.4810031546395190E-02   0.2242045275775340E-01   0.2013014316359996E+00
   0.9476492815157680E+00   0.9000000000000000E+00   0.4912177516330427E-02   0.1884212941956188E-01   0.1692028324393179E+00
   0.9299588247065771E+00   0.9000000000000000E+00   0.5009569415816809E-02   0.1730206188258797E-01   0.1554007054050846E+00
   0.9101735555266084E+00   0.9000000000000000E+00   0.5115709860970322E-02   0.1728028876544032E-01   0.1552385980392705E+00
   0.8883897958496066E+00   0.9000000000000000E+00   0.5232717754448877E-02   0.1843025721125124E-01   0.1655997317273928E+00
   0.8647134980362237E+00   0.9000000000000000E+00   0.5376176588719059E-02   0.2138697188667401E-01   0.1921898372324382E+00
   0.8392598563626914E+00   0.9000000000000000E+00   0.5564431168534989E-02   0.2559368330005898E-01   0.2300072700079029E+00
   0.8121527531455937E+00   0.9000000000000000E+00   0.5810805592721940E-02   0.2987245514525938E-01   0.2684649501316073E+00
   0.7835240521863587E+00   0.9000000000000000E+00   0.6115219106091860E-02   0.2908700460902077E-01   0.2613938240181785E+00
   0.7535137106315885E+00   0.9000000000000000E+00   0.6382997031601620E-02   0.2349752666800178E-01   0.2111406323446191E+00
   0.7222677458669045E+00   0.9000000000000000E+00   0.6598793544353519E-02   0.1733507389895321E-01   0.1557392257079357E+00
   0.6899383944184917E+00   0.9000000000000000E+00   0.6752077022875365E-02   0.1151681920433935E-01   0.1034326184126322E+00
   0.6566831318218171E+00   0.9000000000000000E+00   0.6849518736467535E-02   0.6266374270618004E-02   0.5623418467586188E-01
   0.6226640498131935E+00   0.9000000000000000E+00   0.6888778671409482E-02   0.1414711617071093E-02   0.1262327153006795E-01
   0.5880469534047083E+00   0.9000000000000000E+00   0.6875266933267945E-02  -0.2705366526277686E-02  -0.2440990850597475E-01
   0.5530005863090758E+00   0.9000000000000000E+00   0.6816884159870334E-02  -0.6212199755435736E-02  -0.5592975156045180E-01
   0.5176958069294506E+00   0.9000000000000000E+00   0.6718456050006576E-02  -0.9378409843227331E-02  -0.8438932954824013E-01
   0.4823047413958044E+00   0.9000000000000000E+00   0.6582920010120331E-02  -0.1226880463222821E-01  -0.1103763652371490E+00
   0.4469999369003720E+00   0.9000000000000000E+00   0.6414757281620461E-02  -0.1458035389819626E-01  -0.1311645865514956E+00
   0.4119535174855293E+00   0.9000000000000000E+00   0.6225083567951644E-02  -0.1575766894958440E-01  -0.1417517112250521E+00
   0.3773363711158484E+00   0.9000000000000000E+00   0.6032059456467563E-02  -0.1649434200906527E-01  -0.1483738454273771E+00
   0.3433172422957645E+00   0.9000000000000000E+00   0.5831292969461504E-02  -0.1755524105070078E-01  -0.1579090967324983E+00
   0.3100619574986342E+00   0.9000000000000000E+00   0.5622220929671161E-02  -0.1877989002334173E-01  -0.1689152996030654E+00
   0.2777325979007916E+00   0.9000000000000000E+00   0.5404871868463932E-02  -0.2013826354856660E-01  -0.1811253500295805E+00
   0.2464867199762811E+00   0.9000000000000000E+00   0.5179948333658128E-02  -0.2187725980586008E-01  -0.1967564186997554E+00
   0.2164765505490994E+00   0.9000000000000000E+00   0.4943352843759242E-02  -0.2424321352235436E-01  -0.2180231955747750E+00
   0.1878482570719029E+00   0.9000000000000000E+00   0.4691927965005493E-02  -0.2666474432733550E-01  -0.2397912915018173E+00
   0.1607413353722208E+00   0.9000000000000000E+00   0.4433782506916871E-02  -0.2934069664232655E-01  -0.2638462343988964E+00
   0.1352877550320907E+00   0.9000000000000000E+00   0.4164922121991977E-02  -0.3305481138649384E-01  -0.2972311487403647E+00
   0.1116114350556238E+00   0.9000000000000000E+00   0.3881144534100510E-02  -0.3828493221290977E-01  -0.3442410014392449E+00
   0.8982759469439976E-01   0.9000000000000000E+00   0.3575990016652434E-02  -0.4538059102729778E-01  -0.4080205887760046E+00
   0.7004225266319657E-01   0.9000000000000000E+00   0.3246729130175256E-02  -0.5482271722334436E-01  -0.4928935426617632E+00
   0.5235169036346841E-01   0.9000000000000000E+00   0.2890517344786036E-02  -0.6871435930095869E-01  -0.6177501476440888E+00
   0.3684189573413256E-01   0.9000000000000000E+00   0.2495627842670118E-02  -0.9065071186284984E-01  -0.8149744613928027E+00
   0.2358832038215053E-01   0.9000000000000000E+00   0.2048222588887502E-02  -0.1347925932387117E+00  -0.1211977951066499E+01
   0.1265533129172748E-01   0.9000000000000000E+00   0.1486803587071822E-02  -0.2408441516448281E+00  -0.2165723503136581E+01
   0.4095190158598330E-02   0.9000000000000000E+00   0.6997070871068352E-03  -0.5381037473192930E+00  -0.4837076315175247E+01
   0.4098462798895705E-02   0.9000000000000000E+00  -0.1185989272532939E-02   0.2465215739279059E+00   0.2214447880309208E+01
   0.1265547153414988E-01   0.9000000000000000E+00  -0.1664225211368034E-02   0.1132647270236828E+00   0.1017827226656338E+01
   0.2358781836339564E-01   0.9000000000000000E+00  -0.1900917058145078E-02   0.5388418285487962E-01   0.4840601586980433E+00
   0.3684106477006571E-01   0.9000000000000000E+00  -0.1995726119983308E-02   0.1896789130259817E-01   0.1702255787450394E+00
   0.5235075191985527E-01   0.9000000000000000E+00  -0.1965804810807747E-02  -0.5511435205711775E-02  -0.4979640414225527E-01
   0.7004136267236888E-01   0.9000000000000000E+00  -0.1813341317611296E-02  -0.2430883989910730E-01  -0.2187488589931026E+00
   0.8982685126018541E-01   0.9000000000000000E+00  -0.1545481632331858E-02  -0.3894879596444379E-01  -0.3503337287573827E+00
   0.1116109321719586E+00   0.9000000000000000E+00  -0.1165268861358831E-02  -0.5082390918578789E-01  -0.4570710375464307E+00
   0.1352875944808956E+00   0.9000000000000000E+00  -0.6780768623642754E-03  -0.6049250258073625E-01  -0.5439824132034393E+00
   0.1607416123528185E+00   0.9000000000000000E+00  -0.8957914301755521E-04  -0.6899996690541406E-01  -0.6204630284320520E+00
   0.1878489757675178E+00   0.9000000000000000E+00   0.6053318530128339E-03  -0.7674674864183091E-01  -0.6901061166103600E+00
   0.2164776970824524E+00   0.9000000000000000E+00   0.1397974635936137E-02  -0.8287179746768526E-01  -0.7451688314673994E+00
   0.2464883676795905E+00   0.9000000000000000E+00   0.2274179048846592E-02  -0.8782590586295985E-01  -0.7897047185797879E+00
   0.2777347406689811E+00   0.9000000000000000E+00   0.3230281920373887E-02  -0.9223060738759331E-01  -0.8293015910913012E+00
   0.3100645648382663E+00   0.9000000000000000E+00   0.4259030670826940E-02  -0.9621350859697715E-01  -0.8651072030564039E+00
   0.3433202602473468E+00   0.9000000000000000E+00   0.5357230831753116E-02  -0.9988582253693862E-01  -0.8981229072407221E+00
   0.3773397350820881E+00   0.9000000000000000E+00   0.6517363654190286E-02  -0.1031096068066406E+00  -0.9271080008514272E+00
   0.4119571579696050E+00   0.9000000000000000E+00   0.7731647989143144E-02  -0.1064502471171087E+00  -0.9571469272368378E+00
   0.4470037428293055E+00   0.9000000000000000E+00   0.9003815709354733E-02  -0.1091977410067222E+00  -0.9818560117409673E+00
   0.4823086512651829E+00   0.9000000000000000E+00   0.1030891415940078E-01  -0.1103621009235572E+00  -0.9923301838376491E+00
   0.5176997512501788E+00   0.9000000000000000E+00   0.1162693464103705E-01  -0.1106254791620719E+00  -0.9946990102045007E+00
   0.5530044950422137E+00   0.9000000000000000E+00   0.1294718023680073E-01  -0.1102413421387340E+00  -0.9912372967097862E+00
   0.5880507636968644E+00   0.9000000000000000E+00   0.1425558096817212E-01  -0.1091636863850357E+00  -0.9815336977805383E+00
   0.6226677069663505E+00   0.9000000000000000E+00   0.1554040041496742E-01  -0.1076900255922736E+00  -0.9682710342059051E+00
   0.6566865953097124E+00   0.9000000000000000E+00   0.1679474047369162E-01  -0.1057167014401733E+00  -0.9505202137375626E+00
   0.6899416116767813E+00   0.9000000000000000E+00   0.1800632435328672E-01  -0.1032889323814676E+00  -0.9286854619974886E+00
   0.7222706975920258E+00   0.9000000000000000E+00   0.1916936073504028E-01  -0.1010700487356083E+00  -0.9087317274971722E+00
   0.7535163975281406E+00   0.9000000000000000E+00   0.2028728179636198E-01  -0.9812046864545516E-01  -0.8822144599155928E+00
   0.7835264484331027E+00   0.9000000000000000E+00   0.2134126582902059E-01  -0.9408443988474804E-01  -0.8459359886327408E+00
   0.8121548564757588E+00   0.9000000000000000E+00   0.2232629255794260E-01  -0.8391820803608266E-01  -0.7545643858051041E+00
   0.8392616875021941E+00   0.9000000000000000E+00   0.2314873667867475E-01  -0.6946452862423648E-01  -0.6246642031020536E+00
   0.8647150835589200E+00   0.9000000000000000E+00   0.2380419129794059E-01  -0.5513657458227089E-01  -0.4958977981464334E+00
   0.8883911682960361E+00   0.9000000000000000E+00   0.2430421358838529E-01  -0.4172714335829313E-01  -0.3753890337670229E+00
   0.9101747319607457E+00   0.9000000000000000E+00   0.2466591155041611E-01  -0.2959288476259675E-01  -0.2663421807831735E+00
   0.9299598251053053E+00   0.9000000000000000E+00   0.2491118391815047E-01  -0.1787139420725264E-01  -0.1610021563971740E+00
   0.9476501407037025E+00   0.9000000000000000E+00   0.2505151679203068E-01  -0.6820740672676460E-02  -0.6168661471379174E-01
   0.9631596950803343E+00   0.9000000000000000E+00   0.2510858845937163E-01   0.4727802929790521E-02   0.4209644192065911E-01
   0.9764129872123281E+00   0.9000000000000000E+00   0.2509186179789858E-01   0.1644826165239549E-01   0.1474239121317495E+00
   0.9873456087382043E+00   0.9000000000000000E+00   0.2502255129916411E-01   0.3115662186308230E-01   0.2796349311991370E+00
   0.9959043924543133E+00   0.9000000000000000E+00   0.2490328097842491E-01   0.4554195501965729E-01   0.4089510387382266E+00
ZONE T="BLADE r/R= 0.950", I=  80 F=POINT
   0.9952696353415111E+00   0.9500000000000000E+00   0.6149189184730531E-02   0.1064817286329450E-01   0.1048247544070882E+00
   0.9867398941843455E+00   0.9500000000000000E+00   0.6170834716877394E-02   0.6466924242685100E-02   0.6348167519576500E-01
   0.9758429660189973E+00   0.9500000000000000E+00   0.6184435891451893E-02   0.2837525928461764E-02   0.2757057579689828E-01
   0.9626308939212371E+00   0.9500000000000000E+00   0.6193088479378772E-02   0.2873772985393496E-02   0.2795901699358277E-01
   0.9471668457804179E+00   0.9500000000000000E+00   0.6211771724757855E-02   0.4929949486241813E-02   0.4845247809743056E-01
   0.9295248995976682E+00   0.9500000000000000E+00   0.6238222384390752E-02   0.6357641763052898E-02   0.6271260125237470E-01
   0.9097896518646102E+00   0.9500000000000000E+00   0.6272757216065131E-02   0.7424410528786870E-02   0.7331311360316795E-01
   0.8880560626424827E+00   0.9500000000000000E+00   0.6314985162914717E-02   0.8861739644232291E-02   0.8754039954181549E-01
   0.8644287954534593E+00   0.9500000000000000E+00   0.6372221647664138E-02   0.1125768744480633E-01   0.1112597300130259E+00
   0.8390218893949460E+00   0.9500000000000000E+00   0.6453199791066862E-02   0.1422368021796608E-01   0.1406318241792628E+00
   0.8119582400031342E+00   0.9500000000000000E+00   0.6563311795435037E-02   0.1692418699676411E-01   0.1673556364274798E+00
   0.7833689316440008E+00   0.9500000000000000E+00   0.6700569188541635E-02   0.1588314396767755E-01   0.1570282348190519E+00
   0.7533933359503966E+00   0.9500000000000000E+00   0.6811857452670788E-02   0.1152583989790727E-01   0.1138849230684984E+00
   0.7221771138293126E+00   0.9500000000000000E+00   0.6889208357528355E-02   0.6878578125070496E-02   0.6788466992467276E-01
   0.6898724456066595E+00   0.9500000000000000E+00   0.6927597372761141E-02   0.2609966482359618E-02   0.2563427080758353E-01
   0.6566370233503134E+00   0.9500000000000000E+00   0.6932167168336200E-02  -0.1125189581940305E-02  -0.1133481433481796E-01
   0.6226334134116331E+00   0.9500000000000000E+00   0.6902825332288377E-02  -0.4409088453366845E-02  -0.4382696519169788E-01
   0.5880281210274920E+00   0.9500000000000000E+00   0.6844902311986208E-02  -0.6919439077236253E-02  -0.6864904742535738E-01
   0.5529907752009504E+00   0.9500000000000000E+00   0.6765929851971829E-02  -0.8919641647479467E-02  -0.8841767474377453E-01
   0.5176932607057031E+00   0.9500000000000000E+00   0.6667617835507842E-02  -0.1108665009815988E-01  -0.1098596012952173E+00
   0.4823088168895688E+00   0.9500000000000000E+00   0.6545430428164013E-02  -0.1383392193144790E-01  -0.1370934649638110E+00
   0.4470111366240189E+00   0.9500000000000000E+00   0.6393863629556935E-02  -0.1654963576074303E-01  -0.1640363019560404E+00
   0.4119734657160072E+00   0.9500000000000000E+00   0.6220636572854904E-02  -0.1801656597790223E-01  -0.1785968466341560E+00
   0.3773677351725007E+00   0.9500000000000000E+00   0.6043923935867630E-02  -0.1868037932358606E-01  -0.1851815134070646E+00
   0.3433635953286892E+00   0.9500000000000000E+00   0.5863653804445970E-02  -0.1939708535562288E-01  -0.1922738717682660E+00
   0.3101276031287565E+00   0.9500000000000000E+00   0.5681042387848203E-02  -0.2017856011488020E-01  -0.1999987083996366E+00
   0.2778223519658525E+00   0.9500000000000000E+00   0.5496135346188646E-02  -0.2112028969700572E-01  -0.2093137334772786E+00
   0.2466056636866052E+00   0.9500000000000000E+00   0.5308782354572478E-02  -0.2242154268009672E-01  -0.2222036108246699E+00
   0.2166297666346125E+00   0.9500000000000000E+00   0.5116446626614342E-02  -0.2416669667368227E-01  -0.2394874201247034E+00
   0.1880405525192368E+00   0.9500000000000000E+00   0.4918224822241357E-02  -0.2590795261263974E-01  -0.2567121379575742E+00
   0.1609769805013498E+00   0.9500000000000000E+00   0.4718992699327227E-02  -0.2786484469635557E-01  -0.2760734939770079E+00
   0.1355702343499698E+00   0.9500000000000000E+00   0.4516461285436902E-02  -0.3075859864814297E-01  -0.3047423121099770E+00
   0.1119432190891282E+00   0.9500000000000000E+00   0.4306695604830924E-02  -0.3485558289364578E-01  -0.3452920838733958E+00
   0.9020995705067550E-01   0.9500000000000000E+00   0.4086932660250895E-02  -0.3976982850706784E-01  -0.3938633363986094E+00
   0.7047514096901002E-01   0.9500000000000000E+00   0.3860786878748914E-02  -0.4536587345678104E-01  -0.4491809514535515E+00
   0.5283363372104136E-01   0.9500000000000000E+00   0.3630993128420467E-02  -0.5456200679233271E-01  -0.5402946961459710E+00
   0.3736997079293691E-01   0.9500000000000000E+00   0.3383066916686780E-02  -0.7595621123813917E-01  -0.7524256903143973E+00
   0.2415818047018817E-01   0.9500000000000000E+00   0.3078078542874248E-02  -0.1148041532102099E+00  -0.1137136956494409E+01
   0.1326125876998943E-01   0.9500000000000000E+00   0.2714348637190498E-02  -0.2078249121175260E+00  -0.2058332945021081E+01
   0.4729771392930975E-02   0.9500000000000000E+00   0.2202196045131449E-02  -0.3328322373084970E+00  -0.3293030099215237E+01
   0.4731322433175710E-02   0.9500000000000000E+00   0.1245969806405388E-02   0.8849789248841518E-01   0.8745899670804042E+00
   0.1325649031391799E-01   0.9500000000000000E+00   0.9673562631420092E-03   0.5746251587910720E-01   0.5681049924593926E+00
   0.2415112421532990E-01   0.9500000000000000E+00   0.8571488068076824E-03   0.2253779660399390E-01   0.2224995074077206E+00
   0.3736136936025644E-01   0.9500000000000000E+00   0.8387176755657717E-03   0.7395117730938910E-03   0.6750182961367653E-02
   0.5282405811966559E-01   0.9500000000000000E+00   0.8954550510765717E-03  -0.1548494543824038E-01  -0.1538049503349953E+00
   0.7046507549907366E-01   0.9500000000000000E+00   0.1035494665569219E-02  -0.2917702251411690E-01  -0.2893188823703077E+00
   0.9019982134690958E-01   0.9500000000000000E+00   0.1252832396412036E-02  -0.3986675441019000E-01  -0.3951040062063852E+00
   0.1119334208281881E+00   0.9500000000000000E+00   0.1543369917337273E-02  -0.4849627454414641E-01  -0.4804915415075527E+00
   0.1355611760934818E+00   0.9500000000000000E+00   0.1903458128331446E-02  -0.5557117480964845E-01  -0.5505045008046729E+00
   0.1609690223738098E+00   0.9500000000000000E+00   0.2329244230455626E-02  -0.6181305624094188E-01  -0.6122927255060884E+00
   0.1880339132701554E+00   0.9500000000000000E+00   0.2823232014180047E-02  -0.6754236455612203E-01  -0.6690216481685568E+00
   0.2166246009135227E+00   0.9500000000000000E+00   0.3380151185853864E-02  -0.7212791936838685E-01  -0.7144249224588072E+00
   0.2466021595125517E+00   0.9500000000000000E+00   0.3991274597554502E-02  -0.7587176498034948E-01  -0.7514925202684734E+00
   0.2778205417130495E+00   0.9500000000000000E+00   0.4654255516553064E-02  -0.7925379391426038E-01  -0.7849764816470272E+00
   0.3101274275010050E+00   0.9500000000000000E+00   0.5364793503629764E-02  -0.8233450759031122E-01  -0.8154770516920343E+00
   0.3433649084253657E+00   0.9500000000000000E+00   0.6120219783439245E-02  -0.8522852597913280E-01  -0.8441332516699055E+00
   0.3773703217745134E+00   0.9500000000000000E+00   0.6916640789798887E-02  -0.8799564374063111E-01  -0.8715481261144403E+00
   0.4119770580420775E+00   0.9500000000000000E+00   0.7751495942939994E-02  -0.9125494534820440E-01  -0.9038534929440136E+00
   0.4470153838353688E+00   0.9500000000000000E+00   0.8631459484689463E-02  -0.9431829909636537E-01  -0.9342327624065785E+00
   0.4823134010689763E+00   0.9500000000000000E+00   0.9540877730045900E-02  -0.9597196718265166E-01  -0.9506515919478187E+00
   0.5176978510508388E+00   0.9500000000000000E+00   0.1046362436413377E-01  -0.9632742415953142E-01  -0.9541814308874057E+00
   0.5529950505518889E+00   0.9500000000000000E+00   0.1138523569233512E-01  -0.9541246094569113E-01  -0.9450953966423633E+00
   0.5880317949625173E+00   0.9500000000000000E+00   0.1228976135478271E-01  -0.9357065435247126E-01  -0.9268140068688355E+00
   0.6226362526181102E+00   0.9500000000000000E+00   0.1316876586793313E-01  -0.9150389586521729E-01  -0.9063106401952531E+00
   0.6566388634973029E+00   0.9500000000000000E+00   0.1401952863925554E-01  -0.8932111465484120E-01  -0.8846728169070693E+00
   0.6898731756258023E+00   0.9500000000000000E+00   0.1483677360169308E-01  -0.8700930402317444E-01  -0.8617693281905300E+00
   0.7221767217021031E+00   0.9500000000000000E+00   0.1561773584928460E-01  -0.8493413334659083E-01  -0.8412133602331635E+00
   0.7533918954025723E+00   0.9500000000000000E+00   0.1636459704481744E-01  -0.8243260053690180E-01  -0.8164343083461287E+00
   0.7833665512540268E+00   0.9500000000000000E+00   0.1706704978438104E-01  -0.7935716627731458E-01  -0.7859782340528231E+00
   0.8119550996512960E+00   0.9500000000000000E+00   0.1772368812063507E-01  -0.7258606634842989E-01  -0.7189545593517671E+00
   0.8390182261999528E+00   0.9500000000000000E+00   0.1828531706846453E-01  -0.6342041507736451E-01  -0.6282479781458791E+00
   0.8644248719312277E+00   0.9500000000000000E+00   0.1874937782978517E-01  -0.5448004910347484E-01  -0.5397786637691624E+00
   0.8880521475318881E+00   0.9500000000000000E+00   0.1912160276530024E-01  -0.4614714520798714E-01  -0.4573132820071366E+00
   0.9097859819225946E+00   0.9500000000000000E+00   0.1940996478428142E-01  -0.3850374559045126E-01  -0.3816693817340206E+00
   0.9295216825988358E+00   0.9500000000000000E+00   0.1962430624883548E-01  -0.3098709110725055E-01  -0.3072897940456856E+00
   0.9471642551411940E+00   0.9500000000000000E+00   0.1976947592496760E-01  -0.2405839655585813E-01  -0.2387422702758893E+00
   0.9626290505939695E+00   0.9500000000000000E+00   0.1985981110176774E-01  -0.1723140367135779E-01  -0.1711784611477629E+00
   0.9758418611871980E+00   0.9500000000000000E+00   0.1990186645981054E-01  -0.9320441404576999E-02  -0.9283527229608654E-01
   0.9867394824561612E+00   0.9500000000000000E+00   0.1989555319832315E-01   0.1151032597639280E-02   0.1083884160510265E-01
   0.9952698247404241E+00   0.9500000000000000E+00   0.1984352891649241E-01   0.1064776050309141E-01   0.1048207549671605E+00
ZONE T="BLADE r/R= 0.995", I=  80 F=POINT
   0.8284695188196063E+00   0.9950000000000000E+00   0.6322671746722183E-02  -0.3294289812826662E-01  -0.3545491758793030E+00
   0.8279175659261482E+00   0.9950000000000000E+00   0.6315682048480811E-02  -0.3158983168415917E-01  -0.3400020162775892E+00
   0.8268391537800086E+00   0.9950000000000000E+00   0.6306213932077203E-02  -0.3018850248388272E-01  -0.3249345253090143E+00
   0.8249829595631107E+00   0.9950000000000000E+00   0.6293766030018459E-02  -0.2962218486870613E-01  -0.3188378801605415E+00
   0.8220692307452721E+00   0.9950000000000000E+00   0.6279045610269126E-02  -0.3011803671768661E-01  -0.3241527157837077E+00
   0.8178039454090528E+00   0.9950000000000000E+00   0.6263030895670002E-02  -0.3062952729830931E-01  -0.3296068325664302E+00
   0.8118935760475083E+00   0.9950000000000000E+00   0.6247313804175179E-02  -0.3081796608972396E-01  -0.3315159777579503E+00
   0.8040548288318988E+00   0.9950000000000000E+00   0.6230360831373604E-02  -0.3424041521621268E-01  -0.3682152728251314E+00
   0.7940252476140290E+00   0.9950000000000000E+00   0.6215617014115658E-02  -0.4040861204252300E-01  -0.4345651493885320E+00
   0.7815772774520173E+00   0.9950000000000000E+00   0.6206898383776299E-02  -0.4648533002675290E-01  -0.5000227906867609E+00
   0.7665276996597908E+00   0.9950000000000000E+00   0.6206792751808522E-02  -0.5063672207571325E-01  -0.5448166950484491E+00
   0.7487485307759341E+00   0.9950000000000000E+00   0.6218449647983404E-02  -0.4908782684363497E-01  -0.5282999082478114E+00
   0.7281696139995449E+00   0.9950000000000000E+00   0.6240524911426035E-02  -0.4103998503517234E-01  -0.4418088512924356E+00
   0.7047926569728924E+00   0.9950000000000000E+00   0.6271933052984488E-02  -0.2945953751799201E-01  -0.3172189916455846E+00
   0.6787104764686254E+00   0.9950000000000000E+00   0.6313102478202349E-02  -0.1622237475069684E-01  -0.1747170212833694E+00
   0.6501113417850740E+00   0.9950000000000000E+00   0.6366077878769872E-02  -0.1937613341672240E-02  -0.2087152988886555E-01
   0.6192811618660972E+00   0.9950000000000000E+00   0.6435086424440898E-02   0.1411800769525645E-01   0.1520949559416548E+00
   0.5865996427475577E+00   0.9950000000000000E+00   0.6527311747691301E-02   0.3387958709471537E-01   0.3650167178988165E+00
   0.5525303805439211E+00   0.9950000000000000E+00   0.6657093974732776E-02   0.5982562818418784E-01   0.6445858487626681E+00
   0.5176032483209315E+00   0.9950000000000000E+00   0.6844357484887972E-02   0.7903343798005726E-01   0.8515618485541216E+00
   0.4823904793730818E+00   0.9950000000000000E+00   0.7045996803578737E-02   0.5904248602328646E-01   0.6361883441861914E+00
   0.4474783647254596E+00   0.9950000000000000E+00   0.7141381946973044E-02   0.1801828355699064E-01   0.1941883924096979E+00
   0.4134373817694231E+00   0.9950000000000000E+00   0.7158855967042401E-02  -0.7709779094460711E-02  -0.8300562946858453E-01
   0.3807943754072523E+00   0.9950000000000000E+00   0.7139426623916843E-02  -0.2110318931875200E-01  -0.2272991643840313E+00
   0.3500093941316657E+00   0.9950000000000000E+00   0.7100234524067102E-02  -0.2909702312090858E-01  -0.3134082351232506E+00
   0.3214588079971506E+00   0.9950000000000000E+00   0.7049217571190739E-02  -0.3421768533060002E-01  -0.3685522788306536E+00
   0.2954257167804001E+00   0.9950000000000000E+00   0.6991272784084398E-02  -0.3756548908446434E-01  -0.4045865826202794E+00
   0.2720973676395113E+00   0.9950000000000000E+00   0.6929218312987731E-02  -0.3981989160967513E-01  -0.4288317242337900E+00
   0.2515678745179611E+00   0.9950000000000000E+00   0.6864726192587699E-02  -0.4161546888513867E-01  -0.4481227126268400E+00
   0.2338442755711132E+00   0.9950000000000000E+00   0.6799359620554158E-02  -0.4382710162919551E-01  -0.4718723646885626E+00
   0.2188574558107754E+00   0.9950000000000000E+00   0.6734696711926049E-02  -0.4860717695343384E-01  -0.5232242693905288E+00
   0.2064732231836670E+00   0.9950000000000000E+00   0.6671435077339419E-02  -0.6101749768467635E-01  -0.6565740728453244E+00
   0.1965017682663632E+00   0.9950000000000000E+00   0.6608301512092829E-02  -0.9201215455330317E-01  -0.9896411262681184E+00
   0.1887084757892236E+00   0.9950000000000000E+00   0.6545490826357320E-02  -0.1526047710288235E+00  -0.1640966504824279E+01
   0.1828259824330145E+00   0.9950000000000000E+00   0.6495118430720970E-02  -0.1966537725139506E+00  -0.2114490284507990E+01
   0.1785667851748576E+00   0.9950000000000000E+00   0.6454886495325317E-02  -0.2375148396290681E+00  -0.2553499726409142E+01
   0.1756316513293147E+00   0.9950000000000000E+00   0.6420479338227059E-02  -0.2651833923479070E+00  -0.2850647631952151E+01
   0.1737213184734302E+00   0.9950000000000000E+00   0.6392785451884363E-02  -0.2350388799453392E+00  -0.2527052281654913E+01
   0.1725451883260878E+00   0.9950000000000000E+00   0.6371676197514598E-02  -0.1943927821297580E+00  -0.2092614979163252E+01
   0.1717313284814348E+00   0.9950000000000000E+00   0.6354739541767497E-02  -0.2318218447183580E-01  -0.2522993048135237E+00
   0.1711919997121544E+00   0.9950000000000000E+00   0.6363829954677498E-02  -0.3826706277987959E-01  -0.4112546445879942E+00
   0.1712215705141888E+00   0.9950000000000000E+00   0.6374349886590328E-02  -0.3818228748562366E-01  -0.4102946286803167E+00
   0.1719620968584332E+00   0.9950000000000000E+00   0.6385951637631262E-02  -0.3887236113057911E-01  -0.4180447840722611E+00
   0.1735377620905749E+00   0.9950000000000000E+00   0.6399834009972375E-02  -0.3984250486759446E-01  -0.4287516380134873E+00
   0.1762203856208357E+00   0.9950000000000000E+00   0.6417549908555890E-02  -0.4130891803435269E-01  -0.4447409553858787E+00
   0.1803042354386787E+00   0.9950000000000000E+00   0.6440790774004179E-02  -0.4378324731664264E-01  -0.4714900685745651E+00
   0.1860890997912153E+00   0.9950000000000000E+00   0.6473431167523556E-02  -0.4815375630900855E-01  -0.5185306648186367E+00
   0.1938637308158154E+00   0.9950000000000000E+00   0.6518941203984512E-02  -0.5291313189298915E-01  -0.5697892607202824E+00
   0.2038935232483499E+00   0.9950000000000000E+00   0.6575144461607815E-02  -0.5749531679661418E-01  -0.6191974635085522E+00
   0.2164078200432965E+00   0.9950000000000000E+00   0.6644410622142874E-02  -0.6304141001482004E-01  -0.6789415022762215E+00
   0.2315904039345198E+00   0.9950000000000000E+00   0.6730062144138910E-02  -0.6881167780961796E-01  -0.7410832755949891E+00
   0.2495678346990770E+00   0.9950000000000000E+00   0.6831643868698171E-02  -0.7377510096115059E-01  -0.7945463710981094E+00
   0.2703955409461076E+00   0.9950000000000000E+00   0.6950051082447705E-02  -0.7784810244319762E-01  -0.8384348717430171E+00
   0.2940488295140633E+00   0.9950000000000000E+00   0.7084822059444375E-02  -0.8130104357767254E-01  -0.8756544686449556E+00
   0.3204147861615964E+00   0.9950000000000000E+00   0.7236243621117602E-02  -0.8492692511784417E-01  -0.9147379089928807E+00
   0.3492856219237917E+00   0.9950000000000000E+00   0.7405271305072671E-02  -0.8917072963655226E-01  -0.9604755170238042E+00
   0.3803570991910785E+00   0.9950000000000000E+00   0.7592730736873449E-02  -0.9519903412120539E-01  -0.1025433179376542E+01
   0.4132328317555058E+00   0.9950000000000000E+00   0.7803429503021692E-02  -0.1050206543831742E+00  -0.1131253645423564E+01
   0.4474360966700451E+00   0.9950000000000000E+00   0.8046868998696092E-02  -0.1216962281638600E+00  -0.1310915803220619E+01
   0.4824286439583330E+00   0.9950000000000000E+00   0.8343034697126939E-02  -0.1440019936419929E+00  -0.1551238835801208E+01
   0.5176357335716966E+00   0.9950000000000000E+00   0.8704290473614951E-02  -0.1563275067683203E+00  -0.1684027042440731E+01
   0.5524749851612063E+00   0.9950000000000000E+00   0.9074249761466192E-02  -0.1516107006671555E+00  -0.1633189463425814E+01
   0.5863856483338993E+00   0.9950000000000000E+00   0.9415995531115681E-02  -0.1419929067208686E+00  -0.1529538462843525E+01
   0.6188554331143136E+00   0.9950000000000000E+00   0.9730330753530959E-02  -0.1360023460006673E+00  -0.1464948885297287E+01
   0.6494423254675686E+00   0.9950000000000000E+00   0.1002149271577339E-01  -0.1343056567770334E+00  -0.1446591063926212E+01
   0.6777894812570364E+00   0.9950000000000000E+00   0.1029341196858540E-01  -0.1365700048373981E+00  -0.1470864194892195E+01
   0.7036329096623272E+00   0.9950000000000000E+00   0.1054770605033026E-01  -0.1422758627479931E+00  -0.1532156440689188E+01
   0.7268039679904432E+00   0.9950000000000000E+00   0.1078604253653769E-01  -0.1500087911376377E+00  -0.1615222142611158E+01
   0.7472252035116632E+00   0.9950000000000000E+00   0.1100930176837285E-01  -0.1591217051038646E+00  -0.1713084618605508E+01
   0.7649052600987145E+00   0.9950000000000000E+00   0.1121881217075517E-01  -0.1613251083233969E+00  -0.1736522570987075E+01
   0.7799199192189263E+00   0.9950000000000000E+00   0.1141076873850909E-01  -0.1617294194138354E+00  -0.1740555132928207E+01
   0.7923982362291235E+00   0.9950000000000000E+00   0.1158274769032052E-01  -0.1606414125963687E+00  -0.1728506037881824E+01
   0.8025206103487272E+00   0.9950000000000000E+00   0.1173534636955909E-01  -0.1589286595484743E+00  -0.1709727903775094E+01
   0.8105074589972533E+00   0.9950000000000000E+00   0.1186808497141787E-01  -0.1551008419651115E+00  -0.1668227546256554E+01
   0.8166102323927125E+00   0.9950000000000000E+00   0.1198032644592388E-01  -0.1468686844188694E+00  -0.1579388781633594E+01
   0.8210992919622511E+00   0.9950000000000000E+00   0.1207420481748952E-01  -0.1381691516418947E+00  -0.1485538966095125E+01
   0.8242543571572075E+00   0.9950000000000000E+00   0.1215109534425050E-01  -0.1226304994965626E+00  -0.1318266392619383E+01
   0.8263512588098176E+00   0.9950000000000000E+00   0.1221083050009953E-01  -0.9982484204223702E-01  -0.1073029925949086E+01
   0.8276500847644127E+00   0.9950000000000000E+00   0.1225266653231059E-01  -0.5950934195708135E-01  -0.6398752018649040E+00
   0.8283872016680419E+00   0.9950000000000000E+00   0.1227454169954813E-01  -0.2722284190010189E-01  -0.2931298771966709E+00
