TITLE = "PROPAN_50_T0"
VARIABLES="S/C","r/R","POT","CP","CPN"
ZONE T="BLADE r/R= 0.250", I=  80 F=POINT
   0.9963132581371299E+00   0.2500000000000000E+00   0.1262055963652186E-01   0.5684126013027256E+00   0.4926817554438428E+00
   0.9877442235044607E+00   0.2500000000000000E+00   0.1328844453167023E-01   0.5100761108657262E+00   0.4420452647669778E+00
   0.9767987620090234E+00   0.2500000000000000E+00   0.1400664173284365E-01   0.4467619882780658E+00   0.3870935599586373E+00
   0.9635302876859899E+00   0.2500000000000000E+00   0.1476526158245486E-01   0.3985783512966133E+00   0.3452853540195945E+00
   0.9480035347316940E+00   0.2500000000000000E+00   0.1554216157805179E-01   0.3592919845837316E+00   0.3111973456416795E+00
   0.9302942185378316E+00   0.2500000000000000E+00   0.1632884873814144E-01   0.3285501942327486E+00   0.2845255945907910E+00
   0.9104886827728487E+00   0.2500000000000000E+00   0.1712273910028816E-01   0.3034698382750917E+00   0.2627688006514993E+00
   0.8886834556995484E+00   0.2500000000000000E+00   0.1791653372087841E-01   0.2832263825102296E+00   0.2452159472560530E+00
   0.8649848029227440E+00   0.2500000000000000E+00   0.1870973395432005E-01   0.2685199123407046E+00   0.2324776548002982E+00
   0.8395082451264738E+00   0.2500000000000000E+00   0.1950711088988711E-01   0.2584865781806018E+00   0.2237955872748516E+00
   0.8123779835817670E+00   0.2500000000000000E+00   0.2031412085747606E-01   0.2516287616831316E+00   0.2178725378799701E+00
   0.7837264057113552E+00   0.2500000000000000E+00   0.2113338845644164E-01   0.2397945692854218E+00   0.2076275070603793E+00
   0.7536927781336764E+00   0.2500000000000000E+00   0.2192554734834717E-01   0.2244865901571030E+00   0.1943680817612459E+00
   0.7224232971371172E+00   0.2500000000000000E+00   0.2267207164525554E-01   0.2093374991394688E+00   0.1812484589049041E+00
   0.6900701862426599E+00   0.2500000000000000E+00   0.2336530027855091E-01   0.1956035174195189E+00   0.1693589327568071E+00
   0.6567909920661618E+00   0.2500000000000000E+00   0.2400062011703430E-01   0.1819172484000622E+00   0.1575134624304398E+00
   0.6227476380677438E+00   0.2500000000000000E+00   0.2456674711544844E-01   0.1694969196057415E+00   0.1467698804652149E+00
   0.5881059626103556E+00   0.2500000000000000E+00   0.2506240109305242E-01   0.1589405008954211E+00   0.1376460625635830E+00
   0.5530346866285583E+00   0.2500000000000000E+00   0.2548736362843004E-01   0.1498451759064113E+00   0.1297920779141916E+00
   0.5177046411461946E+00   0.2500000000000000E+00   0.2583976245576235E-01   0.1419607325247095E+00   0.1229904499555786E+00
   0.4822879500126500E+00   0.2500000000000000E+00   0.2611870343536058E-01   0.1347396149300477E+00   0.1167673091033407E+00
   0.4469570878416186E+00   0.2500000000000000E+00   0.2631997541186481E-01   0.1299817903600305E+00   0.1126802277342347E+00
   0.4118842834131183E+00   0.2500000000000000E+00   0.2645031557760502E-01   0.1312739589708543E+00   0.1138394150761965E+00
   0.3772408744532979E+00   0.2500000000000000E+00   0.2653727283923586E-01   0.1325384734974701E+00   0.1149758624905655E+00
   0.3431953435098329E+00   0.2500000000000000E+00   0.2657710973129893E-01   0.1345034539437711E+00   0.1167174189828395E+00
   0.3099136713239791E+00   0.2500000000000000E+00   0.2657251164322502E-01   0.1377366121557944E+00   0.1195583242379998E+00
   0.2775580817113529E+00   0.2500000000000000E+00   0.2652937779323135E-01   0.1426375930032893E+00   0.1238426577311188E+00
   0.2462862702820428E+00   0.2500000000000000E+00   0.2645449320071444E-01   0.1492532117288922E+00   0.1296115159439650E+00
   0.2162506344469138E+00   0.2500000000000000E+00   0.2635372366852626E-01   0.1574116893158789E+00   0.1367174290805161E+00
   0.1875974744811207E+00   0.2500000000000000E+00   0.2622935831488752E-01   0.1736288639392420E+00   0.1508028329205688E+00
   0.1604666594876369E+00   0.2500000000000000E+00   0.2610909307384313E-01   0.1957955083420388E+00   0.1700462337813045E+00
   0.1349903407228398E+00   0.2500000000000000E+00   0.2601094603701369E-01   0.2218403362073877E+00   0.1926498311753653E+00
   0.1112925683244968E+00   0.2500000000000000E+00   0.2594037516960443E-01   0.2549095489131132E+00   0.2213402351394860E+00
   0.8948882053057479E-01   0.2500000000000000E+00   0.2590810206219734E-01   0.2987990576833766E+00   0.2594058894803129E+00
   0.6968535068234431E-01   0.2500000000000000E+00   0.2592790967319182E-01   0.3568903191413784E+00   0.3097795777791584E+00
   0.5197861349283403E-01   0.2500000000000000E+00   0.2601811063742753E-01   0.4302911468228051E+00   0.3734224308454943E+00
   0.3645480579942681E-01   0.2500000000000000E+00   0.2618368025619284E-01   0.5293855364805098E+00   0.4593356724878798E+00
   0.2318964937044028E-01   0.2500000000000000E+00   0.2643748732526820E-01   0.6680028844002217E+00   0.5794791026157132E+00
   0.1224786349830636E-01   0.2500000000000000E+00   0.2680656289043766E-01   0.8424713317185574E+00   0.7307069137663923E+00
   0.3684271466560080E-02   0.2500000000000000E+00   0.2738599977705571E-01   0.9304427513097185E+00   0.8070061187223266E+00
   0.3688321993570054E-02   0.2500000000000000E+00   0.2930905887465947E-01  -0.8196749101133702E+00  -0.7112535884610514E+00
   0.1225705903810438E-01   0.2500000000000000E+00   0.3129139813751716E-01  -0.1401943353212686E+01  -0.1215193488604732E+01
   0.2320124455985178E-01   0.2500000000000000E+00   0.3288742703353113E-01  -0.1369168364498571E+01  -0.1186344416948231E+01
   0.3646764066557959E-01   0.2500000000000000E+00   0.3456676418342533E-01  -0.1319078640977565E+01  -0.1142749520283958E+01
   0.5199160159716439E-01   0.2500000000000000E+00   0.3635841415779411E-01  -0.1263248759120876E+01  -0.1094328798528037E+01
   0.6969762154076378E-01   0.2500000000000000E+00   0.3827915061661336E-01  -0.1215053844941676E+01  -0.1052565387750357E+01
   0.8949951633554766E-01   0.2500000000000000E+00   0.4032820535575063E-01  -0.1167945696825542E+01  -0.1011770532881048E+01
   0.1113008858069797E+00   0.2500000000000000E+00   0.4248849217142131E-01  -0.1116040811718025E+01  -0.9668536375029417E+00
   0.1349955814289127E+00   0.2500000000000000E+00   0.4473480407010384E-01  -0.1059095385881799E+01  -0.9175802619792945E+00
   0.1604682093509857E+00   0.2500000000000000E+00   0.4704188425189269E-01  -0.1004900560245558E+01  -0.8706927486431406E+00
   0.1875950613060891E+00   0.2500000000000000E+00   0.4940660310234371E-01  -0.9519810872015010E+00  -0.8249123427995708E+00
   0.2162441784487671E+00   0.2500000000000000E+00   0.5180197992500744E-01  -0.8890923767796449E+00  -0.7704833014706352E+00
   0.2462757388189233E+00   0.2500000000000000E+00   0.5418019771877342E-01  -0.8224093468706642E+00  -0.7127563060284777E+00
   0.2775437491553019E+00   0.2500000000000000E+00   0.5652693117469396E-01  -0.7579899904952424E+00  -0.6569843408201163E+00
   0.3098959822774547E+00   0.2500000000000000E+00   0.5882665227007357E-01  -0.6962135234174570E+00  -0.6034904708975676E+00
   0.3431749763010204E+00   0.2500000000000000E+00   0.6106955408879287E-01  -0.6370764778524136E+00  -0.5522736962239849E+00
   0.3772186368084066E+00   0.2500000000000000E+00   0.6324632581018397E-01  -0.5807848739746070E+00  -0.5035138947142336E+00
   0.4118610346698146E+00   0.2500000000000000E+00   0.6535166023591917E-01  -0.5326655144190301E+00  -0.4618209236532809E+00
   0.4469340108021762E+00   0.2500000000000000E+00   0.6740660174823615E-01  -0.4840093245989870E+00  -0.4196533260193488E+00
   0.4822660105129802E+00   0.2500000000000000E+00   0.6939094543069838E-01  -0.4332491491851576E+00  -0.3756525842883822E+00
   0.5176847016446825E+00   0.2500000000000000E+00   0.7129256490153571E-01  -0.3856109540630545E+00  -0.3343463925101566E+00
   0.5530175614864883E+00   0.2500000000000000E+00   0.7311823397658455E-01  -0.3419957903422923E+00  -0.2965188215113500E+00
   0.5880922909518078E+00   0.2500000000000000E+00   0.7487287717320711E-01  -0.3018583056058109E+00  -0.2617017120135750E+00
   0.6227378578121063E+00   0.2500000000000000E+00   0.7656154956015405E-01  -0.2648820873390438E+00  -0.2296205985685538E+00
   0.6567853669236314E+00   0.2500000000000000E+00   0.7818886569703350E-01  -0.2287112406087512E+00  -0.1982360438251428E+00
   0.6900687066886524E+00   0.2500000000000000E+00   0.7974979108447315E-01  -0.1947472458808391E+00  -0.1687648099960227E+00
   0.7224257220154354E+00   0.2500000000000000E+00   0.8124627658553653E-01  -0.1632348966834242E+00  -0.1414227347323276E+00
   0.7536987903826788E+00   0.2500000000000000E+00   0.8268381237415713E-01  -0.1291015866120502E+00  -0.1118117267613888E+00
   0.7837353840850683E+00   0.2500000000000000E+00   0.8404775729042124E-01  -0.9467135658415154E-01  -0.8194711056164655E-01
   0.8123893392578697E+00   0.2500000000000000E+00   0.8533848846994944E-01  -0.4723668003487434E-01  -0.4079680925000156E-01
   0.8395207482910999E+00   0.2500000000000000E+00   0.8650323401777786E-01   0.4847887693202043E-02   0.4383993626100697E-02
   0.8649975784197466E+00   0.2500000000000000E+00   0.8751613444406620E-01   0.5895440205072556E-01   0.5130347732491400E-01
   0.8886957937843875E+00   0.2500000000000000E+00   0.8836700393886411E-01   0.1141205673518587E+00   0.9912395387326044E-01
   0.9105000160440094E+00   0.2500000000000000E+00   0.8904830668190984E-01   0.1691214157077936E+00   0.1467942866124912E+00
   0.9303041176281702E+00   0.2500000000000000E+00   0.8956280283720065E-01   0.2253777413679562E+00   0.1955391897525161E+00
   0.9480116801547435E+00   0.2500000000000000E+00   0.8991574511073215E-01   0.2821168181956950E+00   0.2446846571571004E+00
   0.9635365052796472E+00   0.2500000000000000E+00   0.9011926161710929E-01   0.3474476958353598E+00   0.3012799380995586E+00
   0.9768030096145187E+00   0.2500000000000000E+00   0.9017480985065172E-01   0.4160797304050765E+00   0.3607395182872507E+00
   0.9877466381732143E+00   0.2500000000000000E+00   0.9009952086511976E-01   0.4973099366266544E+00   0.4310975824232689E+00
   0.9963141156799258E+00   0.2500000000000000E+00   0.8991391730723555E-01   0.5684215207378706E+00   0.4926894444601329E+00
ZONE T="BLADE r/R= 0.500", I=  80 F=POINT
   0.9962377104466761E+00   0.5000000000000000E+00  -0.7808049333538358E-02   0.3755195102756840E+00   0.1019677545900079E+01
   0.9876687219335362E+00   0.5000000000000000E+00  -0.7075151696595226E-02   0.3255366757415549E+00   0.8839498067803513E+00
   0.9767233666458636E+00   0.5000000000000000E+00  -0.6332874635307117E-02   0.2739405382960625E+00   0.7438434201754557E+00
   0.9634551155814887E+00   0.5000000000000000E+00  -0.5595577098006230E-02   0.2367069542676824E+00   0.6427388667132868E+00
   0.9479287733147671E+00   0.5000000000000000E+00  -0.4880491308700330E-02   0.2089929872539681E+00   0.5674967892275560E+00
   0.9302201092310189E+00   0.5000000000000000E+00  -0.4190657256817244E-02   0.1896424249291988E+00   0.5149737252921498E+00
   0.9104154718214909E+00   0.5000000000000000E+00  -0.3516216360380607E-02   0.1753316935941661E+00   0.4761424380593471E+00
   0.8886115127785714E+00   0.5000000000000000E+00  -0.2859383897770128E-02   0.1656406017578888E+00   0.4498611358204255E+00
   0.8649145336455037E+00   0.5000000000000000E+00  -0.2205040224882212E-02   0.1609377610983541E+00   0.4371340940390047E+00
   0.8394400364787372E+00   0.5000000000000000E+00  -0.1529552344040154E-02   0.1600931750641339E+00   0.4348870637125253E+00
   0.8123121849097624E+00   0.5000000000000000E+00  -0.8099102020172234E-03   0.1613925581975444E+00   0.4384606180330228E+00
   0.7836631326227498E+00   0.5000000000000000E+00  -0.2980063038714367E-04   0.1557475480079036E+00   0.4231478229543144E+00
   0.7536328576417923E+00   0.5000000000000000E+00   0.7201681115728141E-03   0.1460764210037768E+00   0.3968837496384052E+00
   0.7223675710017412E+00   0.5000000000000000E+00   0.1417002728400528E-02   0.1365872518749661E+00   0.3711112725467718E+00
   0.6900195565010655E+00   0.5000000000000000E+00   0.2053429835791254E-02   0.1288873862679406E+00   0.3501942977498383E+00
   0.6567463168236448E+00   0.5000000000000000E+00   0.2636028913993331E-02   0.1224951558160118E+00   0.3328337380853447E+00
   0.6227098900489302E+00   0.5000000000000000E+00   0.3163511447374654E-02   0.1178321778256774E+00   0.3201687303642441E+00
   0.5880759821968854E+00   0.5000000000000000E+00   0.3645433094845148E-02   0.1152393556335079E+00   0.3131282971515241E+00
   0.5530132087601466E+00   0.5000000000000000E+00   0.4094658973354061E-02   0.1146399760813033E+00   0.3115059998115610E+00
   0.5176922712638555E+00   0.5000000000000000E+00   0.4523325045444662E-02   0.1158108547293876E+00   0.3146923694662313E+00
   0.4822851258477949E+00   0.5000000000000000E+00   0.4941765034309210E-02   0.1184923316258272E+00   0.3219851199538317E+00
   0.4469641436172984E+00   0.5000000000000000E+00   0.5358472733185679E-02   0.1234001247049597E+00   0.3353250249153897E+00
   0.4119012968095552E+00   0.5000000000000000E+00   0.5790559553270648E-02   0.1321059549562523E+00   0.3589837912823070E+00
   0.3772673795711844E+00   0.5000000000000000E+00   0.6275182969510212E-02   0.1418993244485854E+00   0.3856007620109021E+00
   0.3432309878162463E+00   0.5000000000000000E+00   0.6808265117551016E-02   0.1522364782908012E+00   0.4136981384921178E+00
   0.3099578905511488E+00   0.5000000000000000E+00   0.7390800452015206E-02   0.1635490717318736E+00   0.4444459629670015E+00
   0.2776101513083605E+00   0.5000000000000000E+00   0.8026161452964788E-02   0.1760166281563439E+00   0.4783294043985683E+00
   0.2463453509258827E+00   0.5000000000000000E+00   0.8715717055786444E-02   0.1895073366722162E+00   0.5149960272427733E+00
   0.2163158007992354E+00   0.5000000000000000E+00   0.9458028643028521E-02   0.2039038345683733E+00   0.5541244903278970E+00
   0.1876677878342622E+00   0.5000000000000000E+00   0.1024556487957072E-01   0.2219794918614233E+00   0.6032413393426665E+00
   0.1605410410431003E+00   0.5000000000000000E+00   0.1109949776879654E-01   0.2432235843508442E+00   0.6609634108511004E+00
   0.1350677531237439E+00   0.5000000000000000E+00   0.1202322199126067E-01   0.2667864041371318E+00   0.7249823769335427E+00
   0.1113720724352409E+00   0.5000000000000000E+00   0.1301054060532452E-01   0.2936175446371337E+00   0.7978789861683504E+00
   0.8956953367321406E-01   0.5000000000000000E+00   0.1405719997982456E-01   0.3260778740730642E+00   0.8860550196770589E+00
   0.6976648784963661E-01   0.5000000000000000E+00   0.1516705732337247E-01   0.3664645979010618E+00   0.9957610017822479E+00
   0.5205953583166717E-01   0.5000000000000000E+00   0.1634600799178986E-01   0.4158494504507324E+00   0.1129915436009058E+01
   0.3653499779823825E-01   0.5000000000000000E+00   0.1758635500638170E-01   0.4815342157923690E+00   0.1308351411739036E+01
   0.2326866167404020E-01   0.5000000000000000E+00   0.1889691537670588E-01   0.5747879450823787E+00   0.1561702512022212E+01
   0.1232529029129371E-01   0.5000000000000000E+00   0.2030440918178079E-01   0.7120019697077500E+00   0.1934617677274566E+01
   0.3758389194209999E-02   0.5000000000000000E+00   0.2198178318126209E-01   0.9267560243863227E+00   0.2519125500525246E+01
   0.3768812472887751E-02   0.5000000000000000E+00   0.2606054447916721E-01  -0.1380515424641012E+01  -0.3755966726376891E+01
   0.1233744206316378E-01   0.5000000000000000E+00   0.2881271488208991E-01  -0.1113543106363301E+01  -0.3026068742007276E+01
   0.2328367280090985E-01   0.5000000000000000E+00   0.3098256061815072E-01  -0.8666276566806589E+00  -0.2354380405871739E+01
   0.3655252606137392E-01   0.5000000000000000E+00   0.3315059635800632E-01  -0.7427339163508209E+00  -0.2017466818667664E+01
   0.5207924390220949E-01   0.5000000000000000E+00   0.3537166300988935E-01  -0.6608167191444997E+00  -0.1794776002917736E+01
   0.6978799724388780E-01   0.5000000000000000E+00   0.3768619174542952E-01  -0.6049034932956403E+00  -0.1642787115553632E+01
   0.8959237500250843E-01   0.5000000000000000E+00   0.4010478759485060E-01  -0.5624695288773186E+00  -0.1527448216032956E+01
   0.1113957729996652E+00   0.5000000000000000E+00   0.4262817536131825E-01  -0.5274356107512288E+00  -0.1432244944761354E+01
   0.1350918927959290E+00   0.5000000000000000E+00   0.4524512322605179E-01  -0.4965836450193303E+00  -0.1348424210741832E+01
   0.1605652503857035E+00   0.5000000000000000E+00   0.4794260201786204E-01  -0.4715093986011463E+00  -0.1280302751864610E+01
   0.1876916478389022E+00   0.5000000000000000E+00   0.5073241827540950E-01  -0.4501563260071624E+00  -0.1222292688820082E+01
   0.2163389373485194E+00   0.5000000000000000E+00   0.5359787324863301E-01  -0.4270392762540563E+00  -0.1159509520423326E+01
   0.2463676267777555E+00   0.5000000000000000E+00   0.5649760830037649E-01  -0.4038814160566621E+00  -0.1096625830415180E+01
   0.2776314522960208E+00   0.5000000000000000E+00   0.5942410388949200E-01  -0.3822898450830852E+00  -0.1038003934972952E+01
   0.3099781794890655E+00   0.5000000000000000E+00   0.6236225035366842E-01  -0.3618806547852713E+00  -0.9825983103308805E+00
   0.3432503144415953E+00   0.5000000000000000E+00   0.6530287259720073E-01  -0.3422036077769335E+00  -0.9291867041319969E+00
   0.3772858751664998E+00   0.5000000000000000E+00   0.6823150637979934E-01  -0.3227638410432336E+00  -0.8764254775419639E+00
   0.4119191624428697E+00   0.5000000000000000E+00   0.7113437524061024E-01  -0.3055261424827937E+00  -0.8296427657554480E+00
   0.4469816155829757E+00   0.5000000000000000E+00   0.7402356530104653E-01  -0.2866717418105622E+00  -0.7784774951745581E+00
   0.4823024960754645E+00   0.5000000000000000E+00   0.7685918861267865E-01  -0.2648943235126384E+00  -0.7193812882938881E+00
   0.5177098180016917E+00   0.5000000000000000E+00   0.7961264155968807E-01  -0.2425126658402191E+00  -0.6586445444418908E+00
   0.5530311940711240E+00   0.5000000000000000E+00   0.8227411292048528E-01  -0.2199602562347055E+00  -0.5974419300151627E+00
   0.5880946116210573E+00   0.5000000000000000E+00   0.8483161018251417E-01  -0.1970875623490445E+00  -0.5353674658144733E+00
   0.6227292932055365E+00   0.5000000000000000E+00   0.8727470164062386E-01  -0.1741245660462878E+00  -0.4730467131445457E+00
   0.6567665434705082E+00   0.5000000000000000E+00   0.8959704520282484E-01  -0.1503981966143358E+00  -0.4086498085635386E+00
   0.6900405107855125E+00   0.5000000000000000E+00   0.9178536536462917E-01  -0.1266573263231369E+00  -0.3442069376171197E+00
   0.7223890916325714E+00   0.5000000000000000E+00   0.9383816578277653E-01  -0.1039989311033653E+00  -0.2827016983305031E+00
   0.7536547208241154E+00   0.5000000000000000E+00   0.9576609622127759E-01  -0.7965498178026005E-01  -0.2166121736550944E+00
   0.7836849456423119E+00   0.5000000000000000E+00   0.9755365140428222E-01  -0.5437446683745591E-01  -0.1479722498812844E+00
   0.8123335524185473E+00   0.5000000000000000E+00   0.9920542371261665E-01  -0.1694518369447238E-01  -0.4632469905910638E-01
   0.8394604404200261E+00   0.5000000000000000E+00   0.1006217860444938E+00   0.2442645271037486E-01   0.6604973674443217E-01
   0.8649335345730289E+00   0.5000000000000000E+00   0.1017798917375912E+00   0.6546851904513830E-01   0.1775333248204709E+00
   0.8886287279729982E+00   0.5000000000000000E+00   0.1026843096857740E+00   0.1048853854864453E+00   0.2846025253187869E+00
   0.9104305652677609E+00   0.5000000000000000E+00   0.1033483131685600E+00   0.1417884439889591E+00   0.3848368371732124E+00
   0.9302328448084093E+00   0.5000000000000000E+00   0.1037982260840227E+00   0.1783289287004044E+00   0.4840830057350885E+00
   0.9479390386290983E+00   0.5000000000000000E+00   0.1040509385477355E+00   0.2131833283097958E+00   0.5787424904686643E+00
   0.9634629048856269E+00   0.5000000000000000E+00   0.1041397160094019E+00   0.2518602131804532E+00   0.6837797720386933E+00
   0.9767287312639981E+00   0.5000000000000000E+00   0.1040758619953598E+00   0.2908652366374120E+00   0.7897165939178576E+00
   0.9876719238149646E+00   0.5000000000000000E+00   0.1038963144265142E+00   0.3351862738276908E+00   0.9101069748336689E+00
   0.9962391423869864E+00   0.5000000000000000E+00   0.1036317438761517E+00   0.3755218430410753E+00   0.1019683807389911E+01
ZONE T="BLADE r/R= 0.750", I=  80 F=POINT
   0.9961382177238555E+00   0.7500000000000000E+00  -0.1254411416777703E-01   0.1662984360428709E+00   0.9633343211557979E+00
   0.9875707036654618E+00   0.7500000000000000E+00  -0.1218299652489126E-01   0.1470199351896761E+00   0.8517455974710582E+00
   0.9766272634679338E+00   0.7500000000000000E+00  -0.1181502204789928E-01   0.1274685271619281E+00   0.7385783327106142E+00
   0.9633613676607394E+00   0.7500000000000000E+00  -0.1145274973929180E-01   0.1133282247056737E+00   0.6567268985813101E+00
   0.9478377984414811E+00   0.7500000000000000E+00  -0.1110733138887482E-01   0.1029223442207594E+00   0.5964896021442913E+00
   0.9301323454293740E+00   0.7500000000000000E+00  -0.1078032200861502E-01   0.9687740161950019E-01   0.5615186560077091E+00
   0.9103313567290283E+00   0.7500000000000000E+00  -0.1045417289130770E-01   0.9347906005977247E-01   0.5418795794384045E+00
   0.8885315011560269E+00   0.7500000000000000E+00  -0.1012414016454461E-01   0.9290901209761179E-01   0.5386323399133677E+00
   0.8648390752314700E+00   0.7500000000000000E+00  -0.9764224244068021E-02   0.9563897049325361E-01   0.5545171009785534E+00
   0.8393695830931859E+00   0.7500000000000000E+00  -0.9339731154476694E-02   0.1007600824970560E+00   0.5842688761583369E+00
   0.8122471808899733E+00   0.7500000000000000E+00  -0.8819556543526265E-02   0.1068047309856604E+00   0.6193713777577042E+00
   0.7836039740642076E+00   0.7500000000000000E+00  -0.8182440497772503E-02   0.1057655415559010E+00   0.6133638619611375E+00
   0.7535800479967617E+00   0.7500000000000000E+00  -0.7547029239443215E-02   0.1001486462508237E+00   0.5807888200778547E+00
   0.7223215590311065E+00   0.7500000000000000E+00  -0.6941673011244500E-02   0.9382312680498117E-01   0.5440967099535258E+00
   0.6899807883311698E+00   0.7500000000000000E+00  -0.6382004062466712E-02   0.8847955717507590E-01   0.5130997727180526E+00
   0.6567151913860735E+00   0.7500000000000000E+00  -0.5858536277125364E-02   0.8413408685865545E-01   0.4878933183122797E+00
   0.6226867721057135E+00   0.7500000000000000E+00  -0.5371332905774293E-02   0.8088264372724537E-01   0.4690319542331354E+00
   0.5880611909033535E+00   0.7500000000000000E+00  -0.4910265149104587E-02   0.7911991186544848E-01   0.4588077307250748E+00
   0.5530069995715967E+00   0.7500000000000000E+00  -0.4460048535152143E-02   0.7877948389070932E-01   0.4568355931239710E+00
   0.5176948291298535E+00   0.7500000000000000E+00  -0.4007323700754611E-02   0.7972649834301584E-01   0.4623292335196919E+00
   0.4822965550100475E+00   0.7500000000000000E+00  -0.3539210709897531E-02   0.8194202825501642E-01   0.4751781575101419E+00
   0.4469844653384545E+00   0.7500000000000000E+00  -0.3042732751893147E-02   0.8579652117186286E-01   0.4975376539647378E+00
   0.4119304329393113E+00   0.7500000000000000E+00  -0.2498102155366627E-02   0.9204153258371219E-01   0.5337604884307915E+00
   0.3773051175563464E+00   0.7500000000000000E+00  -0.1873460427733877E-02   0.9936635874330726E-01   0.5762463001204657E+00
   0.3432770561186040E+00   0.7500000000000000E+00  -0.1169929860264315E-02   0.1072897649043601E+00   0.6222064385959141E+00
   0.3100119198511105E+00   0.7500000000000000E+00  -0.3841599173232837E-03   0.1160377062499808E+00   0.6729509609299871E+00
   0.2776716873023024E+00   0.7500000000000000E+00   0.4860175761741276E-03   0.1256863188784386E+00   0.7289168316975326E+00
   0.2464138664965352E+00   0.7500000000000000E+00   0.1441577212602399E-02   0.1361445310037947E+00   0.7895797090662389E+00
   0.2163907085097150E+00   0.7500000000000000E+00   0.2478992315957570E-02   0.1474216041294939E+00   0.8549938641896419E+00
   0.1877484667920077E+00   0.7500000000000000E+00   0.3591823568680548E-02   0.1608248237250929E+00   0.9327332218425508E+00
   0.1606267985020210E+00   0.7500000000000000E+00   0.4792420075256191E-02   0.1761515729929393E+00   0.1021630254155738E+01
   0.1351578873300504E+00   0.7500000000000000E+00   0.6076265860509183E-02   0.1931131208113090E+00   0.1120015578771185E+01
   0.1114659074332509E+00   0.7500000000000000E+00   0.7434270974596855E-02   0.2121245327900885E+00   0.1230294337018435E+01
   0.8966639527295486E-01   0.7500000000000000E+00   0.8856870031009741E-02   0.2344332462321620E+00   0.1359703529173459E+01
   0.6986572206421300E-01   0.7500000000000000E+00   0.1033965560224071E-01   0.2613367272297787E+00   0.1515761059630451E+01
   0.5216052568449930E-01   0.7500000000000000E+00   0.1187916386142316E-01   0.2937805473166862E+00   0.1703931011887380E+01
   0.3663716813871828E-01   0.7500000000000000E+00   0.1346301863056128E-01   0.3364694597517202E+00   0.1951473442827156E+01
   0.2337146839653634E-01   0.7500000000000000E+00   0.1509852127864869E-01   0.3971274194318952E+00   0.2303158199895165E+01
   0.1242815664901976E-01   0.7500000000000000E+00   0.1681390768721871E-01   0.4937192618989500E+00   0.2863143275142209E+01
   0.3860011784328757E-02   0.7500000000000000E+00   0.1875451107697929E-01   0.6498767863902633E+00   0.3766556082015470E+01
   0.3865414270339468E-02   0.7500000000000000E+00   0.2386472897473737E-01  -0.1572840983918110E+01  -0.9127608475504015E+01
   0.1243199274954395E-01   0.7500000000000000E+00   0.2657624819602664E-01  -0.8616557340437186E+00  -0.4998636255276206E+01
   0.2337576372745300E-01   0.7500000000000000E+00   0.2880698465131036E-01  -0.6197351876048651E+00  -0.3594915564183808E+01
   0.3664203671620522E-01   0.7500000000000000E+00   0.3099944720084951E-01  -0.5096196995664880E+00  -0.2956088444406054E+01
   0.5216601937674731E-01   0.7500000000000000E+00   0.3320990024139863E-01  -0.4411409082820575E+00  -0.2558840858894652E+01
   0.6987183439463145E-01   0.7500000000000000E+00   0.3547836603019430E-01  -0.3949425603431833E+00  -0.2290822225916825E+01
   0.8967305340262931E-01   0.7500000000000000E+00   0.3781061391950859E-01  -0.3600345370489709E+00  -0.2088278243057666E+01
   0.1114730266544057E+00   0.7500000000000000E+00   0.4020621623832895E-01  -0.3318541126655835E+00  -0.1924760033500575E+01
   0.1351654084942575E+00   0.7500000000000000E+00   0.4265503110448488E-01  -0.3077062913660037E+00  -0.1784641814164818E+01
   0.1606346748446920E+00   0.7500000000000000E+00   0.4514371214259731E-01  -0.2879719753827327E+00  -0.1670137781558625E+01
   0.1877565653552857E+00   0.7500000000000000E+00   0.4768210739047275E-01  -0.2713834758080619E+00  -0.1573889761567372E+01
   0.2163988964685860E+00   0.7500000000000000E+00   0.5025606365311401E-01  -0.2551006874097279E+00  -0.1479431210232474E+01
   0.2464221462204627E+00   0.7500000000000000E+00   0.5283695177752785E-01  -0.2397329191758244E+00  -0.1390292436587120E+01
   0.2776800117749694E+00   0.7500000000000000E+00   0.5541956139130518E-01  -0.2258883574600296E+00  -0.1309992252405129E+01
   0.3100202495825403E+00   0.7500000000000000E+00   0.5799443882330477E-01  -0.2134110029453155E+00  -0.1237625844800174E+01
   0.3432853578776215E+00   0.7500000000000000E+00   0.6055809520252903E-01  -0.2019833656953548E+00  -0.1171350849427379E+01
   0.3773133783842111E+00   0.7500000000000000E+00   0.6310204388895745E-01  -0.1912372286092170E+00  -0.1109030654016603E+01
   0.4119386601245718E+00   0.7500000000000000E+00   0.6561835746311169E-01  -0.1820340033534621E+00  -0.1055662156245087E+01
   0.4469926393974861E+00   0.7500000000000000E+00   0.6811856771178014E-01  -0.1726278240218178E+00  -0.1001123863640363E+01
   0.4823047188534572E+00   0.7500000000000000E+00   0.7057367227849867E-01  -0.1621059115116650E+00  -0.9401197716014166E+00
   0.5177030207303811E+00   0.7500000000000000E+00   0.7296315521761439E-01  -0.1516350084792312E+00  -0.8794119015629380E+00
   0.5530152498934404E+00   0.7500000000000000E+00   0.7528302663379768E-01  -0.1413929334026670E+00  -0.8200371834981989E+00
   0.5880695205627905E+00   0.7500000000000000E+00   0.7752477363443518E-01  -0.1312067172204159E+00  -0.7609922081148733E+00
   0.6226951882170385E+00   0.7500000000000000E+00   0.7968152784083742E-01  -0.1212339122457974E+00  -0.7031870312809652E+00
   0.6567236864471281E+00   0.7500000000000000E+00   0.8175010806444540E-01  -0.1110753445505198E+00  -0.6443133331980535E+00
   0.6899893081526424E+00   0.7500000000000000E+00   0.8372106728739170E-01  -0.1009025466070131E+00  -0.5853622593096964E+00
   0.7223300501237365E+00   0.7500000000000000E+00   0.8559216182734650E-01  -0.9149026862008244E-01  -0.5308239793793198E+00
   0.7535884451325469E+00   0.7500000000000000E+00   0.8737485875763963E-01  -0.8113249858221530E-01  -0.4708072637821837E+00
   0.7836121527852601E+00   0.7500000000000000E+00   0.8905210882376344E-01  -0.7004386036327376E-01  -0.4065576504844932E+00
   0.8122550213730469E+00   0.7500000000000000E+00   0.9062803828863275E-01  -0.5000243035352155E-01  -0.2903917732154784E+00
   0.8393769647700945E+00   0.7500000000000000E+00   0.9197751641320406E-01  -0.2618687362811071E-01  -0.1523373777925338E+00
   0.8648458890940991E+00   0.7500000000000000E+00   0.9308148662885295E-01  -0.2792984280499814E-02  -0.1673270587180213E-01
   0.8885376511706713E+00   0.7500000000000000E+00   0.9394815724771104E-01   0.1902403931371215E-01   0.1097258848545165E+00
   0.9103367484697015E+00   0.7500000000000000E+00   0.9459745448726171E-01   0.3867989717221251E-01   0.2236498058523906E+00
   0.9301369149458694E+00   0.7500000000000000E+00   0.9505904715047378E-01   0.5781621466190264E-01   0.3345619832165784E+00
   0.9478415274369202E+00   0.7500000000000000E+00   0.9534796032370027E-01   0.7561329123820822E-01   0.4377108832956846E+00
   0.9633642725246629E+00   0.7500000000000000E+00   0.9549481858980136E-01   0.9526145676248096E-01   0.5515871481192897E+00
   0.9766293433054506E+00   0.7500000000000000E+00   0.9550795536761267E-01   0.1157516534733520E+00   0.6703325443640031E+00
   0.9875720481506653E+00   0.7500000000000000E+00   0.9541506531241899E-01   0.1415119350571923E+00   0.8196460413893832E+00
   0.9961389660202662E+00   0.7500000000000000E+00   0.9522811087796644E-01   0.1662990130922787E+00   0.9633377088987228E+00
ZONE T="BLADE r/R= 0.900", I=  80 F=POINT
   0.9959039430203339E+00   0.9000000000000000E+00  -0.2474691772920411E-02   0.2070161994214609E-01   0.1690415905198031E+00
   0.9873450832102130E+00   0.9000000000000000E+00  -0.2462879898211663E-02   0.2282642973823398E-01   0.1866897569339336E+00
   0.9764123561625480E+00   0.9000000000000000E+00  -0.2444723378413803E-02   0.2717523685780853E-01   0.2227558428355390E+00
   0.9631589407602312E+00   0.9000000000000000E+00  -0.2405648619712962E-02   0.3235410720078760E-01   0.2657165522956120E+00
   0.9476492815157680E+00   0.9000000000000000E+00  -0.2355579512297713E-02   0.3486097902771884E-01   0.2865510301744242E+00
   0.9299588247065771E+00   0.9000000000000000E+00  -0.2300458313083615E-02   0.3786495173694784E-01   0.3114051790409463E+00
   0.9101735555266084E+00   0.9000000000000000E+00  -0.2227347488175380E-02   0.4109413622512658E-01   0.3381064898128200E+00
   0.8883897958496066E+00   0.9000000000000000E+00  -0.2135497419690872E-02   0.4507489463028116E-01   0.3709774766745200E+00
   0.8647134980362237E+00   0.9000000000000000E+00  -0.2009447382152395E-02   0.5066221882688698E-01   0.4170647110133775E+00
   0.8392598563626914E+00   0.9000000000000000E+00  -0.1825675051386010E-02   0.5746510731722376E-01   0.4731617430930020E+00
   0.8121527531455937E+00   0.9000000000000000E+00  -0.1562521620738266E-02   0.6438871169831850E-01   0.5302428671354582E+00
   0.7835240521863587E+00   0.9000000000000000E+00  -0.1205606040201801E-02   0.6442030050799960E-01   0.5305078284062846E+00
   0.7535137106315885E+00   0.9000000000000000E+00  -0.8470994446043858E-03   0.6024228727949718E-01   0.4960803246863437E+00
   0.7222677458669045E+00   0.9000000000000000E+00  -0.5083696773437356E-03   0.5544331106377148E-01   0.4565359907721583E+00
   0.6899383944184917E+00   0.9000000000000000E+00  -0.2000362732452408E-03   0.5156181430161149E-01   0.4245538442272467E+00
   0.6566831318218171E+00   0.9000000000000000E+00   0.8653193613705725E-04   0.4864015001648574E-01   0.4004923665099601E+00
   0.6226640498131935E+00   0.9000000000000000E+00   0.3535207126549159E-03   0.4679132993249251E-01   0.3852791122457339E+00
   0.5880469534047083E+00   0.9000000000000000E+00   0.6117479108190047E-03   0.4635026555174775E-01   0.3816704005266435E+00
   0.5530005863090758E+00   0.9000000000000000E+00   0.8755035233311708E-03   0.4717912973871571E-01   0.3885361679862876E+00
   0.5176958069294506E+00   0.9000000000000000E+00   0.1156988880812054E-02   0.4886435985718827E-01   0.4024620092356025E+00
   0.4823047413958044E+00   0.9000000000000000E+00   0.1462083955342679E-02   0.5107309347146535E-01   0.4206840559198956E+00
   0.4469999369003720E+00   0.9000000000000000E+00   0.1794503269572583E-02   0.5409828090256465E-01   0.4456064188486138E+00
   0.4119535174855293E+00   0.9000000000000000E+00   0.2164961689553701E-02   0.5874235414912492E-01   0.4838601861987358E+00
   0.3773363711158484E+00   0.9000000000000000E+00   0.2595524950997284E-02   0.6456892902144100E-01   0.5318673901258469E+00
   0.3433172422957645E+00   0.9000000000000000E+00   0.3092925516503056E-02   0.7132230186302552E-01   0.5875375377887031E+00
   0.3100619574986342E+00   0.9000000000000000E+00   0.3664331844846293E-02   0.7897215531626682E-01   0.6506127435210812E+00
   0.2777325979007916E+00   0.9000000000000000E+00   0.4314211525563051E-02   0.8742519653984407E-01   0.7203044260044598E+00
   0.2464867199762811E+00   0.9000000000000000E+00   0.5044360361202377E-02   0.9639671456377716E-01   0.7942686030353534E+00
   0.2164765505490994E+00   0.9000000000000000E+00   0.5850517086233007E-02   0.1058527092446312E+00   0.8722235268352991E+00
   0.1878482570719029E+00   0.9000000000000000E+00   0.6727572570617594E-02   0.1164550760783872E+00   0.9596211004112584E+00
   0.1607413353722208E+00   0.9000000000000000E+00   0.7678505671905177E-02   0.1280365327160819E+00   0.1055082536237842E+01
   0.1352877550320907E+00   0.9000000000000000E+00   0.8697726289279627E-02   0.1405973450926828E+00   0.1158603271352853E+01
   0.1116114350556238E+00   0.9000000000000000E+00   0.9778471120445369E-02   0.1543320886652789E+00   0.1271780130274089E+01
   0.8982759469439976E-01   0.9000000000000000E+00   0.1091274325573193E-01   0.1699617628497883E+00   0.1400556672309347E+01
   0.7004225266319657E-01   0.9000000000000000E+00   0.1209696545088442E-01   0.1883129392794951E+00   0.1551739813036828E+01
   0.5235169036346841E-01   0.9000000000000000E+00   0.1333063674240287E-01   0.2097820205788506E+00   0.1728588730446995E+01
   0.3684189573413256E-01   0.9000000000000000E+00   0.1460908413260835E-01   0.2360765730603168E+00   0.1945149776441113E+01
   0.2358832038215053E-01   0.9000000000000000E+00   0.1594164943573089E-01   0.2685092068520575E+00   0.2212113259528910E+01
   0.1265533129172748E-01   0.9000000000000000E+00   0.1736503068349709E-01   0.2999815743104058E+00   0.2470288629413637E+01
   0.4095190158598330E-02   0.9000000000000000E+00   0.1901588649883654E-01  -0.6164524440677317E-01  -0.5222746308330311E+00
   0.4098462798895705E-02   0.9000000000000000E+00   0.2328414821853448E-01  -0.1736552898729619E+01  -0.1432236656826501E+02
   0.1265547153414988E-01   0.9000000000000000E+00   0.2547615935433562E-01  -0.8775641642455354E+00  -0.7238865844025758E+01
   0.2358781836339564E-01   0.9000000000000000E+00   0.2724400711939232E-01  -0.5854563024273688E+00  -0.4828352475573694E+01
   0.3684106477006571E-01   0.9000000000000000E+00   0.2894666562568372E-01  -0.4642991708527359E+00  -0.3828680815135846E+01
   0.5235075191985527E-01   0.9000000000000000E+00   0.3063380147529050E-01  -0.3918666521894584E+00  -0.3231147021138058E+01
   0.7004136267236888E-01   0.9000000000000000E+00   0.3234042579407868E-01  -0.3441732447135089E+00  -0.2837805742329892E+01
   0.8982685126018541E-01   0.9000000000000000E+00   0.3406957206241625E-01  -0.3086099912162055E+00  -0.2544527633836272E+01
   0.1116109321719586E+00   0.9000000000000000E+00   0.3582213592436331E-01  -0.2807754855432261E+00  -0.2314989748019586E+01
   0.1352875944808956E+00   0.9000000000000000E+00   0.3759384351234178E-01  -0.2578163973241056E+00  -0.2125668873226987E+01
   0.1607416123528185E+00   0.9000000000000000E+00   0.3937728596570654E-01  -0.2392703435503770E+00  -0.1972739058027755E+01
   0.1878489757675178E+00   0.9000000000000000E+00   0.4117825118823817E-01  -0.2237745584936936E+00  -0.1844956799370047E+01
   0.2164776970824524E+00   0.9000000000000000E+00   0.4298580333399030E-01  -0.2091941983075259E+00  -0.1724727694720846E+01
   0.2464883676795905E+00   0.9000000000000000E+00   0.4478301111898739E-01  -0.1958209561285199E+00  -0.1614462053203909E+01
   0.2777347406689811E+00   0.9000000000000000E+00   0.4656506265735769E-01  -0.1839070272859250E+00  -0.1516234798921201E+01
   0.3100645648382663E+00   0.9000000000000000E+00   0.4832532861874801E-01  -0.1733955930207235E+00  -0.1429576213563556E+01
   0.3433202602473468E+00   0.9000000000000000E+00   0.5006222685853347E-01  -0.1641589989025803E+00  -0.1353443979582158E+01
   0.3773397350820881E+00   0.9000000000000000E+00   0.5177284504484839E-01  -0.1559583197819257E+00  -0.1285868863964164E+01
   0.4119571579696050E+00   0.9000000000000000E+00   0.5345524060464155E-01  -0.1493765466032943E+00  -0.1231647206935257E+01
   0.4470037428293055E+00   0.9000000000000000E+00   0.5512159286971446E-01  -0.1430269277053817E+00  -0.1179343011371709E+01
   0.4823086512651829E+00   0.9000000000000000E+00   0.5675260281796635E-01  -0.1357769760098144E+00  -0.1119605455746017E+01
   0.5176997512501788E+00   0.9000000000000000E+00   0.5833109485350811E-01  -0.1282579159343908E+00  -0.1057630932574243E+01
   0.5530044950422137E+00   0.9000000000000000E+00   0.5984962209506861E-01  -0.1208041410620448E+00  -0.9961766018942341E+00
   0.5880507636968644E+00   0.9000000000000000E+00   0.6130138389092246E-01  -0.1136529890762228E+00  -0.9372106323170214E+00
   0.6226677069663505E+00   0.9000000000000000E+00   0.6268419871656217E-01  -0.1072062997829978E+00  -0.8840642605324371E+00
   0.6566865953097124E+00   0.9000000000000000E+00   0.6400169009472965E-01  -0.1012698801563703E+00  -0.8351394430280650E+00
   0.6899416116767813E+00   0.9000000000000000E+00   0.6525267625325358E-01  -0.9586599827036577E-01  -0.7906101055587106E+00
   0.7222706975920258E+00   0.9000000000000000E+00   0.6644013598815936E-01  -0.9145134284587586E-01  -0.7542411758954798E+00
   0.7535163975281406E+00   0.9000000000000000E+00   0.6757596755231407E-01  -0.8700074437492601E-01  -0.7175884677054520E+00
   0.7835264484331027E+00   0.9000000000000000E+00   0.6865332230084707E-01  -0.8270697546898352E-01  -0.6822358815510646E+00
   0.8121548564757588E+00   0.9000000000000000E+00   0.6968095438494928E-01  -0.7414269054728187E-01  -0.6117361088660559E+00
   0.8392616875021941E+00   0.9000000000000000E+00   0.7058702013570201E-01  -0.6404913145216917E-01  -0.5286588063160484E+00
   0.8647150835589200E+00   0.9000000000000000E+00   0.7135981035759247E-01  -0.5438838897564295E-01  -0.4491463700890875E+00
   0.8883911682960361E+00   0.9000000000000000E+00   0.7200347681056603E-01  -0.4557437151324147E-01  -0.3766024640618811E+00
   0.9101747319607457E+00   0.9000000000000000E+00   0.7252624860331106E-01  -0.3771445206305760E-01  -0.3119114834366214E+00
   0.9299598251053053E+00   0.9000000000000000E+00   0.7294106434724702E-01  -0.2986912199862904E-01  -0.2473314895065619E+00
   0.9476501407037025E+00   0.9000000000000000E+00   0.7325053541710652E-01  -0.2225346934388429E-01  -0.1846287259866527E+00
   0.9631596950803343E+00   0.9000000000000000E+00   0.7346403306001179E-01  -0.1361086303739873E-01  -0.1134821087770739E+00
   0.9764129872123281E+00   0.9000000000000000E+00   0.7358362411728685E-01  -0.4803403236518764E-02  -0.4098246083987134E-01
   0.9873456087382043E+00   0.9000000000000000E+00   0.7362600242342755E-01   0.7986138714275691E-02   0.6433670157205777E-01
   0.9959043924543133E+00   0.9000000000000000E+00   0.7357389457547468E-01   0.2070182976300765E-01   0.1690433501777634E+00
ZONE T="BLADE r/R= 0.950", I=  80 F=POINT
   0.9952696353415111E+00   0.9500000000000000E+00   0.5627595148734691E-02  -0.8506959110248638E-01  -0.7814416421781699E+00
   0.9867398941843455E+00   0.9500000000000000E+00   0.5534850180611357E-02  -0.7305071730496125E-01  -0.6711804642788020E+00
   0.9758429660189973E+00   0.9500000000000000E+00   0.5435933188903232E-02  -0.5837765523146041E-01  -0.5367480662188565E+00
   0.9626308939212371E+00   0.9500000000000000E+00   0.5344486517732216E-02  -0.3708720922413443E-01  -0.3416144219121113E+00
   0.9471668457804179E+00   0.9500000000000000E+00   0.5298432723391053E-02  -0.1594875007468477E-01  -0.1474035850583026E+00
   0.9295248995976682E+00   0.9500000000000000E+00   0.5281068243088922E-02  -0.4634470472930302E-02  -0.4333601122896582E-01
   0.9097896518646102E+00   0.9500000000000000E+00   0.5279491379234424E-02   0.1398653431874935E-02   0.1194480773754404E-01
   0.8880560626424827E+00   0.9500000000000000E+00   0.5293670665776878E-02   0.7474820170424088E-02   0.6750655744883145E-01
   0.8644287954534593E+00   0.9500000000000000E+00   0.5333070456071756E-02   0.1453975113315069E-01   0.1322210122446086E+00
   0.8390218893949460E+00   0.9500000000000000E+00   0.5410461030127957E-02   0.2194509324450994E-01   0.2001277795900738E+00
   0.8119582400031342E+00   0.9500000000000000E+00   0.5536495234550956E-02   0.2871427094067588E-01   0.2621151517290428E+00
   0.7833689316440008E+00   0.9500000000000000E+00   0.5718480662465125E-02   0.2888917973455192E-01   0.2636665684350649E+00
   0.7533933359503966E+00   0.9500000000000000E+00   0.5899078682412384E-02   0.2557120601050990E-01   0.2332881618667070E+00
   0.7221771138293126E+00   0.9500000000000000E+00   0.6065886569489612E-02   0.2196858895050072E-01   0.2003287771554098E+00
   0.6898724456066595E+00   0.9500000000000000E+00   0.6214239371221872E-02   0.1931250179491498E-01   0.1760111694290172E+00
   0.6566370233503134E+00   0.9500000000000000E+00   0.6349447213212519E-02   0.1761482903336755E-01   0.1604675835918595E+00
   0.6226334134116331E+00   0.9500000000000000E+00   0.6475440815647832E-02   0.1735778309637697E-01   0.1581467368760452E+00
   0.5880281210274920E+00   0.9500000000000000E+00   0.6606949875115280E-02   0.1919040636257451E-01   0.1749902874981914E+00
   0.5529907752009504E+00   0.9500000000000000E+00   0.6765852057868850E-02   0.2275016097483630E-01   0.2076704774550622E+00
   0.5176932607057031E+00   0.9500000000000000E+00   0.6967275772327352E-02   0.2653075777139662E-01   0.2423550042761069E+00
   0.4823088168895688E+00   0.9500000000000000E+00   0.7208821074986255E-02   0.2863139965759339E-01   0.2615622413398616E+00
   0.4470111366240189E+00   0.9500000000000000E+00   0.7465935059818339E-02   0.2914506735801662E-01   0.2661588685538426E+00
   0.4119734657160072E+00   0.9500000000000000E+00   0.7724576509826438E-02   0.3028295265046752E-01   0.2764483018966519E+00
   0.3773677351725007E+00   0.9500000000000000E+00   0.7998113646373227E-02   0.3288855354099122E-01   0.3001859620741156E+00
   0.3433635953286892E+00   0.9500000000000000E+00   0.8296701679929892E-02   0.3734943988894043E-01   0.3409278092876428E+00
   0.3101276031287565E+00   0.9500000000000000E+00   0.8638502917780221E-02   0.4404024920294296E-01   0.4021223406394473E+00
   0.2778223519658525E+00   0.9500000000000000E+00   0.9042487855406378E-02   0.5258246074484109E-01   0.4803412855288647E+00
   0.2466056636866052E+00   0.9500000000000000E+00   0.9520422839232327E-02   0.6174537860969988E-01   0.5643173807858114E+00
   0.2166297666346125E+00   0.9500000000000000E+00   0.1006876271985299E-01   0.7060627295981955E-01   0.6455143027822910E+00
   0.1880405525192368E+00   0.9500000000000000E+00   0.1067959666356389E-01   0.7942339496228312E-01   0.7262301841803632E+00
   0.1609769805013498E+00   0.9500000000000000E+00   0.1135103147184971E-01   0.8820317739809529E-01   0.8065607861142506E+00
   0.1355702343499698E+00   0.9500000000000000E+00   0.1207847220048353E-01   0.9710762111807208E-01   0.8879979823337668E+00
   0.1119432190891282E+00   0.9500000000000000E+00   0.1285900403885223E-01   0.1062348609857491E+00   0.9714056326643267E+00
   0.9020995705067550E-01   0.9500000000000000E+00   0.1368876470381871E-01   0.1155056612182696E+00   0.1056056711331949E+01
   0.7047514096901002E-01   0.9500000000000000E+00   0.1456406402554183E-01   0.1242999003850777E+00   0.1136274034206295E+01
   0.5283363372104136E-01   0.9500000000000000E+00   0.1548491562703201E-01   0.1308562350442969E+00   0.1195805243010562E+01
   0.3736997079293691E-01   0.9500000000000000E+00   0.1646211542944900E-01   0.1300077154321601E+00   0.1187067264712210E+01
   0.2415818047018817E-01   0.9500000000000000E+00   0.1750616725921577E-01   0.1063832023850530E+00   0.9687774236369702E+00
   0.1326125876998943E-01   0.9500000000000000E+00   0.1863694172107302E-01  -0.3813931577365286E-01  -0.3617360884706317E+00
   0.4729771392930975E-02   0.9500000000000000E+00   0.2006089446441877E-01  -0.1199156832238449E+01  -0.1101403808108874E+02
   0.4731322433175710E-02   0.9500000000000000E+00   0.2328714829768228E-01  -0.1920400229682746E+01  -0.1759403553278765E+02
   0.1325649031391799E-01   0.9500000000000000E+00   0.2515096143890029E-01  -0.1173742060314207E+01  -0.1075974252119262E+02
   0.2415112421532990E-01   0.9500000000000000E+00   0.2657974911837948E-01  -0.7290604101564626E+00  -0.6682167931460782E+01
   0.3736136936025644E-01   0.9500000000000000E+00   0.2794233088415880E-01  -0.5604632194457744E+00  -0.5136433248083106E+01
   0.5282405811966559E-01   0.9500000000000000E+00   0.2925813850499928E-01  -0.4542726302389595E+00  -0.4162374126648962E+01
   0.7046507549907366E-01   0.9500000000000000E+00   0.3056027815418430E-01  -0.3891241684315998E+00  -0.3564785024669309E+01
   0.9019982134690958E-01   0.9500000000000000E+00   0.3186702616535409E-01  -0.3451632218462918E+00  -0.3161919774097800E+01
   0.1119334208281881E+00   0.9500000000000000E+00   0.3318225063400516E-01  -0.3114435889971842E+00  -0.2853165568538047E+01
   0.1355611760934818E+00   0.9500000000000000E+00   0.3449880338391952E-01  -0.2833448568951224E+00  -0.2595841902220751E+01
   0.1609690223738098E+00   0.9500000000000000E+00   0.3581078203176419E-01  -0.2607541025170392E+00  -0.2388832766425655E+01
   0.1880339132701554E+00   0.9500000000000000E+00   0.3712279267010788E-01  -0.2425519225778688E+00  -0.2222029484684042E+01
   0.2166246009135227E+00   0.9500000000000000E+00   0.3842923827650559E-01  -0.2260834172746067E+00  -0.2071159324988046E+01
   0.2466021595125517E+00   0.9500000000000000E+00   0.3971647311588247E-01  -0.2111538285530302E+00  -0.1934390984377932E+01
   0.2778205417130495E+00   0.9500000000000000E+00   0.4097886037167987E-01  -0.1981438334496856E+00  -0.1815204563332578E+01
   0.3101274275010050E+00   0.9500000000000000E+00   0.4221106416780204E-01  -0.1874228727017061E+00  -0.1717047279516674E+01
   0.3433649084253657E+00   0.9500000000000000E+00   0.4341702742080208E-01  -0.1794376229281840E+00  -0.1644033454200758E+01
   0.3773703217745134E+00   0.9500000000000000E+00   0.4460679612348945E-01  -0.1739526082695615E+00  -0.1593975451364215E+01
   0.4119770580420775E+00   0.9500000000000000E+00   0.4579032487464528E-01  -0.1708356920322134E+00  -0.1565608644807104E+01
   0.4470153838353688E+00   0.9500000000000000E+00   0.4698362907806296E-01  -0.1676133612978023E+00  -0.1536249425082974E+01
   0.4823134010689763E+00   0.9500000000000000E+00   0.4816720664723557E-01  -0.1617975629768775E+00  -0.1483050573012296E+01
   0.5176978510508388E+00   0.9500000000000000E+00   0.4931330334607651E-01  -0.1535569888771611E+00  -0.1407500313900559E+01
   0.5529950505518889E+00   0.9500000000000000E+00   0.5039805141664867E-01  -0.1442933429559714E+00  -0.1322518933140266E+01
   0.5880317949625173E+00   0.9500000000000000E+00   0.5140919112080567E-01  -0.1358187049228992E+00  -0.1244777499489087E+01
   0.6226362526181102E+00   0.9500000000000000E+00   0.5235055975804809E-01  -0.1291550408885614E+00  -0.1183671516656141E+01
   0.6566388634973029E+00   0.9500000000000000E+00   0.5323117477034216E-01  -0.1241604150950568E+00  -0.1137899245750064E+01
   0.6898731756258023E+00   0.9500000000000000E+00   0.5405807933494631E-01  -0.1205623905349653E+00  -0.1104950702913850E+01
   0.7221767217021031E+00   0.9500000000000000E+00   0.5483799532159292E-01  -0.1181946172441849E+00  -0.1083290765766554E+01
   0.7533918954025723E+00   0.9500000000000000E+00   0.5558072391085022E-01  -0.1162774088825048E+00  -0.1065774017158710E+01
   0.7833665512540268E+00   0.9500000000000000E+00   0.5628502586026792E-01  -0.1148323081792951E+00  -0.1052584872730573E+01
   0.8119550996512960E+00   0.9500000000000000E+00   0.5695913808621672E-01  -0.1121074443809234E+00  -0.1027705487144638E+01
   0.8390182261999528E+00   0.9500000000000000E+00   0.5757495142135233E-01  -0.1091229497595336E+00  -0.1000468391303083E+01
   0.8644248719312277E+00   0.9500000000000000E+00   0.5812729606552538E-01  -0.1061720412130586E+00  -0.9735407236166715E+00
   0.8880521475318881E+00   0.9500000000000000E+00   0.5861705668254117E-01  -0.1032399252008155E+00  -0.9467641863137842E+00
   0.9097859819225946E+00   0.9500000000000000E+00   0.5904378303944703E-01  -0.1003020358922190E+00  -0.9199214055830344E+00
   0.9295216825988358E+00   0.9500000000000000E+00   0.5940606795076653E-01  -0.9707927394461935E-01  -0.8904854204155582E+00
   0.9471642551411940E+00   0.9500000000000000E+00   0.5969636932660346E-01  -0.9379893281626307E-01  -0.8604988663794643E+00
   0.9626290505939695E+00   0.9500000000000000E+00   0.5992539745312485E-01  -0.9040740821302772E-01  -0.8294720140979051E+00
   0.9758418611871980E+00   0.9500000000000000E+00   0.6009825331901959E-01  -0.8686320340202869E-01  -0.7971410652015956E+00
   0.9867394824561612E+00   0.9500000000000000E+00   0.6018751391658224E-01  -0.8428415860994251E-01  -0.7738432066273762E+00
   0.9952698247404241E+00   0.9500000000000000E+00   0.6018025092312339E-01  -0.8506960424835468E-01  -0.7814417473172226E+00
ZONE T="BLADE r/R= 0.995", I=  80 F=POINT
   0.8284695188196063E+00   0.9950000000000000E+00   0.1669251563928315E-01  -0.2305289139751512E+00  -0.2310758850439858E+01
   0.8279175659261482E+00   0.9950000000000000E+00   0.1668519176317659E-01  -0.2064822504167330E+00  -0.2069638429256945E+01
   0.8268391537800086E+00   0.9950000000000000E+00   0.1667358302373470E-01  -0.1903720412404055E+00  -0.1907831312707084E+01
   0.8249829595631107E+00   0.9950000000000000E+00   0.1665709226903684E-01  -0.1824104142793077E+00  -0.1827698398156985E+01
   0.8220692307452721E+00   0.9950000000000000E+00   0.1663587511009386E-01  -0.1723409259889842E+00  -0.1726613653990020E+01
   0.8178039454090528E+00   0.9950000000000000E+00   0.1660980122625791E-01  -0.1754269567666556E+00  -0.1756779612419859E+01
   0.8118935760475083E+00   0.9950000000000000E+00   0.1657768749051606E-01  -0.1749715676359480E+00  -0.1751066498827871E+01
   0.8040548288318988E+00   0.9950000000000000E+00   0.1653487599138163E-01  -0.1080891945479935E+00  -0.1081351937927034E+01
   0.7940252476140290E+00   0.9950000000000000E+00   0.1649181994142707E-01  -0.3375735228218816E-01  -0.3376276274832304E+00
   0.7815772774520173E+00   0.9950000000000000E+00   0.1645873007933167E-01   0.1540114043646350E-01   0.1542228271971045E+00
   0.7665276996597908E+00   0.9950000000000000E+00   0.1644246099080449E-01   0.4426013735848879E-01   0.4430844208626841E+00
   0.7487485307759341E+00   0.9950000000000000E+00   0.1645062929010647E-01   0.5953245490293146E-01   0.5960316184224590E+00
   0.7281696139995449E+00   0.9950000000000000E+00   0.1648821259330644E-01   0.7042259206525080E-01   0.7051919508329286E+00
   0.7047926569728924E+00   0.9950000000000000E+00   0.1655467724734805E-01   0.7873845968483643E-01   0.7886533454637134E+00
   0.6787104764686254E+00   0.9950000000000000E+00   0.1665120934233972E-01   0.8545524886723259E-01   0.8561489848064983E+00
   0.6501113417850740E+00   0.9950000000000000E+00   0.1678094881176799E-01   0.9019218883054318E-01   0.9038090694582581E+00
   0.6192811618660972E+00   0.9950000000000000E+00   0.1695232599323838E-01   0.9368095282566477E-01   0.9389287251071220E+00
   0.5865996427475577E+00   0.9950000000000000E+00   0.1718080723529570E-01   0.9940155099705854E-01   0.9963702341672344E+00
   0.5525303805439211E+00   0.9950000000000000E+00   0.1750235009056959E-01   0.1217614358947790E+00   0.1220560223388606E+01
   0.5176032483209315E+00   0.9950000000000000E+00   0.1800009049494262E-01   0.1520873019921928E+00   0.1524614052719212E+01
   0.4823904793730818E+00   0.9950000000000000E+00   0.1871580019536394E-01   0.3505106497303342E-01   0.3514071152843257E+00
   0.4474783647254596E+00   0.9950000000000000E+00   0.1937356856459473E-01  -0.2249221363639458E+00  -0.2254618429559584E+01
   0.4134373817694231E+00   0.9950000000000000E+00   0.1989278193425673E-01  -0.4164963092131740E+00  -0.4174664930824834E+01
   0.3807943754072523E+00   0.9950000000000000E+00   0.2032547259080042E-01  -0.5666424928497018E+00  -0.5679033519722985E+01
   0.3500093941316657E+00   0.9950000000000000E+00   0.2070406175157771E-01  -0.7228218414296874E+00  -0.7243329745550264E+01
   0.3214588079971506E+00   0.9950000000000000E+00   0.2104577558120349E-01  -0.9089180871684672E+00  -0.9106687302695999E+01
   0.2954257167804001E+00   0.9950000000000000E+00   0.2136009505208130E-01  -0.1145774298706495E+01  -0.1147759404888083E+02
   0.2720973676395113E+00   0.9950000000000000E+00   0.2165214730333903E-01  -0.1458882866082811E+01  -0.1461089078359124E+02
   0.2515678745179611E+00   0.9950000000000000E+00   0.2192500640211255E-01  -0.1886479352463287E+01  -0.1888873096842877E+02
   0.2338442755711132E+00   0.9950000000000000E+00   0.2217969470926412E-01  -0.2466551980766752E+01  -0.2469038583371172E+02
   0.2188574558107754E+00   0.9950000000000000E+00   0.2241412249125329E-01  -0.3221592171241138E+01  -0.3223967788993833E+02
   0.2064732231836670E+00   0.9950000000000000E+00   0.2262559463279203E-01  -0.4141328114913191E+01  -0.4143253768016366E+02
   0.1965017682663632E+00   0.9950000000000000E+00   0.2280982667416106E-01  -0.5166467016762133E+01  -0.5167501743390290E+02
   0.1887084757892236E+00   0.9950000000000000E+00   0.2296113350003822E-01  -0.6066016632822190E+01  -0.6065731235150415E+02
   0.1828259824330145E+00   0.9950000000000000E+00   0.2307737939180425E-01  -0.6730423080990663E+01  -0.6728585958418851E+02
   0.1785667851748576E+00   0.9950000000000000E+00   0.2316350898966861E-01  -0.7399829744897235E+01  -0.7396319444161715E+02
   0.1756316513293147E+00   0.9950000000000000E+00   0.2322772628897555E-01  -0.7546202650362595E+01  -0.7541491253920476E+02
   0.1737213184734302E+00   0.9950000000000000E+00   0.2327767009363390E-01  -0.7122955779224828E+01  -0.7118257915763590E+02
   0.1725451883260878E+00   0.9950000000000000E+00   0.2332626399872120E-01  -0.9765929579508153E+01  -0.9761833593316160E+02
   0.1717313284814348E+00   0.9950000000000000E+00   0.2345806195588127E-01  -0.2565561465875072E+01  -0.2574796224577721E+02
   0.1711919997121544E+00   0.9950000000000000E+00   0.2369172686855223E-01  -0.1359647992725168E+01  -0.1365600078913325E+02
   0.1712215705141888E+00   0.9950000000000000E+00   0.2402302378805400E-01  -0.3250702653558285E+01  -0.3254358301914594E+02
   0.1719620968584332E+00   0.9950000000000000E+00   0.2429005770692712E-01  -0.2642027246236327E+01  -0.2643699322696312E+02
   0.1735377620905749E+00   0.9950000000000000E+00   0.2456959784149092E-01  -0.2722405397458765E+01  -0.2723498247063547E+02
   0.1762203856208357E+00   0.9950000000000000E+00   0.2487246835258999E-01  -0.2821310813785431E+01  -0.2822248365213783E+02
   0.1803042354386787E+00   0.9950000000000000E+00   0.2520403473305647E-01  -0.2965661238421727E+01  -0.2966702973613575E+02
   0.1860890997912153E+00   0.9950000000000000E+00   0.2556756447771916E-01  -0.3094914610520568E+01  -0.3096240530415580E+02
   0.1938637308158154E+00   0.9950000000000000E+00   0.2596636994137639E-01  -0.3147917434086334E+01  -0.3149685241418171E+02
   0.2038935232483499E+00   0.9950000000000000E+00   0.2639825609281383E-01  -0.3074632750842131E+01  -0.3076932890253578E+02
   0.2164078200432965E+00   0.9950000000000000E+00   0.2685810497169102E-01  -0.2876362994781590E+01  -0.2879150285525847E+02
   0.2315904039345198E+00   0.9950000000000000E+00   0.2734260791972944E-01  -0.2623001882115418E+01  -0.2626154192190877E+02
   0.2495678346990770E+00   0.9950000000000000E+00   0.2784508532464129E-01  -0.2339254847539765E+01  -0.2342602430235304E+02
   0.2703955409461076E+00   0.9950000000000000E+00   0.2836340428526589E-01  -0.2057791843876485E+01  -0.2061177761813384E+02
   0.2940488295140633E+00   0.9950000000000000E+00   0.2889756315634056E-01  -0.1811533368666341E+01  -0.1814860564927453E+02
   0.3204147861615964E+00   0.9950000000000000E+00   0.2944899042725083E-01  -0.1602682011392889E+01  -0.1605887444218458E+02
   0.3492856219237917E+00   0.9950000000000000E+00   0.3002096322589166E-01  -0.1431852033746314E+01  -0.1434905857740669E+02
   0.3803570991910785E+00   0.9950000000000000E+00   0.3061872135152692E-01  -0.1294066822668764E+01  -0.1296957560431339E+02
   0.4132328317555058E+00   0.9950000000000000E+00   0.3125289152928770E-01  -0.1176772762313875E+01  -0.1179482384394948E+02
   0.4474360966700451E+00   0.9950000000000000E+00   0.3194255769847568E-01  -0.1043323354893664E+01  -0.1045759809583036E+02
   0.4824286439583330E+00   0.9950000000000000E+00   0.3269917590446800E-01  -0.8410854026102625E+00  -0.8430391168489241E+01
   0.5176357335716966E+00   0.9950000000000000E+00   0.3346213092308459E-01  -0.6597621065276010E+00  -0.6612752913215566E+01
   0.5524749851612063E+00   0.9950000000000000E+00   0.3408072725859591E-01  -0.5541466654555625E+00  -0.5554046517266133E+01
   0.5863856483338993E+00   0.9950000000000000E+00   0.3457379408887386E-01  -0.4674398192803896E+00  -0.4684785743494033E+01
   0.6188554331143136E+00   0.9950000000000000E+00   0.3499007311133405E-01  -0.3895764634544449E+00  -0.3904164889767441E+01
   0.6494423254675686E+00   0.9950000000000000E+00   0.3535723808024346E-01  -0.3212865184204025E+00  -0.3219583067633681E+01
   0.6777894812570364E+00   0.9950000000000000E+00   0.3568947197144056E-01  -0.2623600597213996E+00  -0.2628978493918217E+01
   0.7036329096623272E+00   0.9950000000000000E+00   0.3599437664409419E-01  -0.2127027565767456E+00  -0.2131417431458980E+01
   0.7268039679904432E+00   0.9950000000000000E+00   0.3627496442052486E-01  -0.1728133551887991E+00  -0.1731880612060572E+01
   0.7472252035116632E+00   0.9950000000000000E+00   0.3653449841194115E-01  -0.1432691675516659E+00  -0.1436102097620234E+01
   0.7649052600987145E+00   0.9950000000000000E+00   0.3677458927878904E-01  -0.1225885167255999E+00  -0.1229183272612962E+01
   0.7799199192189263E+00   0.9950000000000000E+00   0.3698698412412804E-01  -0.1065999153674825E+00  -0.1069311730143574E+01
   0.7923982362291235E+00   0.9950000000000000E+00   0.3716639139392205E-01  -0.9297607587655619E-01  -0.9331632621723639E+00
   0.8025206103487272E+00   0.9950000000000000E+00   0.3731071480823044E-01  -0.8084523159698806E-01  -0.8119703830932290E+00
   0.8105074589972533E+00   0.9950000000000000E+00   0.3741592350032320E-01  -0.7253714074790066E-01  -0.7289481175420836E+00
   0.8166102323927125E+00   0.9950000000000000E+00   0.3747844610239751E-01  -0.7435575746089253E-01  -0.7471720825018393E+00
   0.8210992919622511E+00   0.9950000000000000E+00   0.3750772897200656E-01  -0.8573674394847475E-01  -0.8611015395224875E+00
   0.8242543571572075E+00   0.9950000000000000E+00   0.3751367935172707E-01  -0.1045589148587964E+00  -0.1049540738995012E+01
   0.8263512588098176E+00   0.9950000000000000E+00   0.3750445498893257E-01  -0.1340098105951173E+00  -0.1344324268156148E+01
   0.8276500847644127E+00   0.9950000000000000E+00   0.3748730293727216E-01  -0.1783233867264992E+00  -0.1787986537412361E+01
   0.8283872016680419E+00   0.9950000000000000E+00   0.3746928186271509E-01  -0.2293710097153453E+00  -0.2299194509854714E+01
