TITLE = "PROPAN_83_T0"
VARIABLES="S/C","r/R","POT","CP","CPN"
ZONE T="BLADE r/R= 0.250", I=  80 F=POINT
   0.9963132581371299E+00   0.2500000000000000E+00   0.1811659248716407E-01   0.5116137727325846E+00   0.6706147524350424E+00
   0.9877442235044607E+00   0.2500000000000000E+00   0.1874161228513521E-01   0.4256930634423833E+00   0.5579685906777984E+00
   0.9767987620090234E+00   0.2500000000000000E+00   0.1934234830758402E-01   0.3326400567163861E+00   0.4359782972536390E+00
   0.9635302876859899E+00   0.2500000000000000E+00   0.1990754040434600E-01   0.2604823920374491E+00   0.3413885252708508E+00
   0.9480035347316940E+00   0.2500000000000000E+00   0.2041488019671629E-01   0.2004669471911885E+00   0.2627179528490901E+00
   0.9302942185378316E+00   0.2500000000000000E+00   0.2086092492879948E-01   0.1531127132319282E+00   0.2006471690365748E+00
   0.9104886827728487E+00   0.2500000000000000E+00   0.2124567396698559E-01   0.1142428889140961E+00   0.1497003596538557E+00
   0.8886834556995484E+00   0.2500000000000000E+00   0.2156295436346320E-01   0.8173247595968598E-01   0.1070931096152747E+00
   0.8649848029227440E+00   0.2500000000000000E+00   0.2181786091567545E-01   0.5689598545403327E-01   0.7455363886069725E-01
   0.8395082451264738E+00   0.2500000000000000E+00   0.2202147358669376E-01   0.3862295093417168E-01   0.5062014695630592E-01
   0.8123779835817670E+00   0.2500000000000000E+00   0.2218130192999694E-01   0.2400291879029463E-01   0.3147609181367319E-01
   0.7837264057113552E+00   0.2500000000000000E+00   0.2229693005898169E-01   0.4337691045403284E-02   0.5709750640575454E-02
   0.7536927781336764E+00   0.2500000000000000E+00   0.2231619900383396E-01  -0.2185490130847793E-01  -0.2862125337010545E-01
   0.7224232971371172E+00   0.2500000000000000E+00   0.2223077895236043E-01  -0.4723682176375418E-01  -0.6188987393563016E-01
   0.6900701862426599E+00   0.2500000000000000E+00   0.2204140528533540E-01  -0.7061407257732863E-01  -0.9252822010050081E-01
   0.6567909920661618E+00   0.2500000000000000E+00   0.2175167513811004E-01  -0.9281549747703935E-01  -0.1216242980397970E+00
   0.6227476380677438E+00   0.2500000000000000E+00   0.2135871277226054E-01  -0.1137574164051923E+00  -0.1490692854047783E+00
   0.5881059626103556E+00   0.2500000000000000E+00   0.2086842441622677E-01  -0.1327030035588183E+00  -0.1738933249813424E+00
   0.5530346866285583E+00   0.2500000000000000E+00   0.2028664505095156E-01  -0.1502357268812194E+00  -0.1968630873034406E+00
   0.5177046411461946E+00   0.2500000000000000E+00   0.1961689546673912E-01  -0.1668845728825228E+00  -0.2186719578839031E+00
   0.4822879500126500E+00   0.2500000000000000E+00   0.1886268536951052E-01  -0.1832997587873468E+00  -0.2401718777934208E+00
   0.4469570878416186E+00   0.2500000000000000E+00   0.1802435841071056E-01  -0.1978195720013889E+00  -0.2591862931370854E+00
   0.4118842834131183E+00   0.2500000000000000E+00   0.1711729988852648E-01  -0.2061122971277524E+00  -0.2700376145619626E+00
   0.3772408744532979E+00   0.2500000000000000E+00   0.1617795517169234E-01  -0.2138574479633708E+00  -0.2801708477685536E+00
   0.3431953435098329E+00   0.2500000000000000E+00   0.1519486608347223E-01  -0.2235437134273716E+00  -0.2928491713323924E+00
   0.3099136713239791E+00   0.2500000000000000E+00   0.1417246161969452E-01  -0.2332280105414168E+00  -0.3055253084896272E+00
   0.2775580817113529E+00   0.2500000000000000E+00   0.1311807958466794E-01  -0.2427523894777939E+00  -0.3179947235830046E+00
   0.2462862702820428E+00   0.2500000000000000E+00   0.1203919436914158E-01  -0.2524068341388934E+00  -0.3306368335145338E+00
   0.2162506344469138E+00   0.2500000000000000E+00   0.1094194864524885E-01  -0.2628951413759980E+00  -0.3443730906169998E+00
   0.1875974744811207E+00   0.2500000000000000E+00   0.9828433028756684E-02  -0.2674457376686885E+00  -0.3503319661341594E+00
   0.1604666594876369E+00   0.2500000000000000E+00   0.8735857361472031E-02  -0.2668197980845557E+00  -0.3495066659477637E+00
   0.1349903407228398E+00   0.2500000000000000E+00   0.7679305586446753E-02  -0.2667537388643657E+00  -0.3494146095215655E+00
   0.1112925683244968E+00   0.2500000000000000E+00   0.6656841699021435E-02  -0.2663213188077425E+00  -0.3488435097090289E+00
   0.8948882053057479E-01   0.2500000000000000E+00   0.5674351247677811E-02  -0.2615222300507994E+00  -0.3425511782913978E+00
   0.6968535068234431E-01   0.2500000000000000E+00   0.4744498033656161E-02  -0.2503497014086509E+00  -0.3279084772353341E+00
   0.5197861349283403E-01   0.2500000000000000E+00   0.3878219296747905E-02  -0.2366629203856526E+00  -0.3099711051239246E+00
   0.3645480579942681E-01   0.2500000000000000E+00   0.3064253350274582E-02  -0.2140302959366631E+00  -0.2803057531513849E+00
   0.2318964937044028E-01   0.2500000000000000E+00   0.2294359136742819E-02  -0.1647508410615966E+00  -0.2157908635891897E+00
   0.1224786349830636E-01   0.2500000000000000E+00   0.1547905690991955E-02  -0.8486609213625074E-01  -0.1112895283786396E+00
   0.3684271466560080E-02   0.2500000000000000E+00   0.4426689991412389E-03   0.6278146525969582E+00   0.8230104750646571E+00
   0.3688321993570054E-02   0.2500000000000000E+00  -0.1833988136534053E-03   0.7197641849771776E+00   0.9435875832767044E+00
   0.1225705903810438E-01   0.2500000000000000E+00   0.2424536067749888E-03   0.6284049242734886E-01   0.8242106351279678E-01
   0.2320124455985178E-01   0.2500000000000000E+00   0.7752343615717285E-03  -0.1622182006921540E+00  -0.2124340664290045E+00
   0.3646764066557959E-01   0.2500000000000000E+00   0.1506988423541990E-02  -0.3098160472534592E+00  -0.4057892041437977E+00
   0.5199160159716439E-01   0.2500000000000000E+00   0.2431934556283504E-02  -0.4087677823216633E+00  -0.5354451549683064E+00
   0.6969762154076378E-01   0.2500000000000000E+00   0.3558780352927048E-02  -0.4848528049072633E+00  -0.6351494261136446E+00
   0.8949951633554766E-01   0.2500000000000000E+00   0.4887020189334111E-02  -0.5434188766572703E+00  -0.7119082265160075E+00
   0.1113008858069797E+00   0.2500000000000000E+00   0.6402359872493327E-02  -0.5853145899871744E+00  -0.7668432997708904E+00
   0.1349955814289127E+00   0.2500000000000000E+00   0.8082889036979311E-02  -0.6131549185322154E+00  -0.8033708900259687E+00
   0.1604682093509857E+00   0.2500000000000000E+00   0.9908910904285995E-02  -0.6344140893649186E+00  -0.8312790685114972E+00
   0.1875950613060891E+00   0.2500000000000000E+00   0.1188154468075280E-01  -0.6513114738395857E+00  -0.8534738768278078E+00
   0.2162441784487671E+00   0.2500000000000000E+00   0.1397423270867235E-01  -0.6553628250664594E+00  -0.8588316172858024E+00
   0.2462757388189233E+00   0.2500000000000000E+00   0.1613761584823336E-01  -0.6498442032050469E+00  -0.8516444963058979E+00
   0.2775437491553019E+00   0.2500000000000000E+00   0.1836082622117527E-01  -0.6422067809156005E+00  -0.8416754356691500E+00
   0.3098959822774547E+00   0.2500000000000000E+00   0.2062863855634918E-01  -0.6327845729986441E+00  -0.8293608802081296E+00
   0.3431749763010204E+00   0.2500000000000000E+00   0.2293028276299782E-01  -0.6220256803772177E+00  -0.8152890948779613E+00
   0.3772186368084066E+00   0.2500000000000000E+00   0.2525290325108498E-01  -0.6099756856889030E+00  -0.7995200009558514E+00
   0.4118610346698146E+00   0.2500000000000000E+00   0.2758620465862477E-01  -0.6010217794233379E+00  -0.7878012749882003E+00
   0.4469340108021762E+00   0.2500000000000000E+00   0.2994631446696606E-01  -0.5889015271229153E+00  -0.7719278418933220E+00
   0.4822660105129802E+00   0.2500000000000000E+00   0.3229286320170383E-01  -0.5688436758626743E+00  -0.7456474479211621E+00
   0.5176847016446825E+00   0.2500000000000000E+00   0.3460046044575815E-01  -0.5464677176044840E+00  -0.7163227916779533E+00
   0.5530175614864883E+00   0.2500000000000000E+00   0.3686379218464534E-01  -0.5233551950832248E+00  -0.6860281182996056E+00
   0.5880922909518078E+00   0.2500000000000000E+00   0.3907292879352065E-01  -0.4987042535797743E+00  -0.6537147052011083E+00
   0.6227378578121063E+00   0.2500000000000000E+00   0.4121714107683145E-01  -0.4723985165255468E+00  -0.6192301483261582E+00
   0.6567853669236314E+00   0.2500000000000000E+00   0.4328625562282279E-01  -0.4427315133560704E+00  -0.5803385343539773E+00
   0.6900687066886524E+00   0.2500000000000000E+00   0.4526057455032968E-01  -0.4111079769102897E+00  -0.5388813662118197E+00
   0.7224257220154354E+00   0.2500000000000000E+00   0.4713286013693774E-01  -0.3788152422455940E+00  -0.4965476248363921E+00
   0.7536987903826788E+00   0.2500000000000000E+00   0.4889964509117444E-01  -0.3417765069477696E+00  -0.4479926086572865E+00
   0.7837353840850683E+00   0.2500000000000000E+00   0.5053830153615926E-01  -0.3006442846477053E+00  -0.3940712886909638E+00
   0.8123893392578697E+00   0.2500000000000000E+00   0.5203899097124952E-01  -0.2444422669019825E+00  -0.3203782027458474E+00
   0.8395207482910999E+00   0.2500000000000000E+00   0.5333812178224874E-01  -0.1806139610812433E+00  -0.2366814288899211E+00
   0.8649975784197466E+00   0.2500000000000000E+00   0.5441826278449942E-01  -0.1149276419938043E+00  -0.1505552010821960E+00
   0.8886957937843875E+00   0.2500000000000000E+00   0.5527676224899725E-01  -0.4805012645114128E-01  -0.6287482929485382E-01
   0.9105000160440094E+00   0.2500000000000000E+00   0.5591430804040362E-01   0.1882345755445537E-01   0.2479243754397959E-01
   0.9303041176281702E+00   0.2500000000000000E+00   0.5634332929960176E-01   0.8713458500097036E-01   0.1143347888137014E+00
   0.9480116801547435E+00   0.2500000000000000E+00   0.5657661758015626E-01   0.1567885566358063E+00   0.2056257306017507E+00
   0.9635365052796472E+00   0.2500000000000000E+00   0.5663544139894652E-01   0.2360225080789806E+00   0.3094700134727668E+00
   0.9768030096145187E+00   0.2500000000000000E+00   0.5652637203019155E-01   0.3209570745783665E+00   0.4207832013911476E+00
   0.9877466381732143E+00   0.2500000000000000E+00   0.5627921000981292E-01   0.4217236810014317E+00   0.5528267800356449E+00
   0.9963141156799258E+00   0.2500000000000000E+00   0.5591931917624240E-01   0.5116197553565981E+00   0.6706226018765382E+00
ZONE T="BLADE r/R= 0.500", I=  80 F=POINT
   0.9962377104466761E+00   0.5000000000000000E+00   0.3906327851167624E-02   0.3003089140130580E+00   0.9486446716506464E+00
   0.9876687219335362E+00   0.5000000000000000E+00   0.4571141040823265E-02   0.2472108247696041E+00   0.7809074076483250E+00
   0.9767233666458636E+00   0.5000000000000000E+00   0.5216008013867314E-02   0.1920294815497798E+00   0.6065943464474279E+00
   0.9634551155814887E+00   0.5000000000000000E+00   0.5825313750033142E-02   0.1513324741831398E+00   0.4780423273035080E+00
   0.9479287733147671E+00   0.5000000000000000E+00   0.6383693009925469E-02   0.1204908720734883E+00   0.3806352292353922E+00
   0.9302201092310189E+00   0.5000000000000000E+00   0.6892060959718181E-02   0.9863879675307853E-01   0.3116346700903537E+00
   0.9104154718214909E+00   0.5000000000000000E+00   0.7362993747928691E-02   0.8261350252278138E-01   0.2610474342429874E+00
   0.8886115127785714E+00   0.5000000000000000E+00   0.7794317173738202E-02   0.7108143455704585E-01   0.2246594893718108E+00
   0.8649145336455037E+00   0.5000000000000000E+00   0.8203240082964075E-02   0.6484401911635782E-01   0.2050051418094458E+00
   0.8394400364787372E+00   0.5000000000000000E+00   0.8613374473763521E-02   0.6266100209435017E-01   0.1981614593727206E+00
   0.8123121849097624E+00   0.5000000000000000E+00   0.9042967701428097E-02   0.6224276106192959E-01   0.1968910840961137E+00
   0.7836631326227498E+00   0.5000000000000000E+00   0.9495671270005645E-02   0.5481990812898793E-01   0.1734664593444394E+00
   0.7536328576417923E+00   0.5000000000000000E+00   0.9863655989762229E-02   0.4081956749823598E-01   0.1292440710285971E+00
   0.7223675710017412E+00   0.5000000000000000E+00   0.1012822146853472E-01   0.2673289982997592E-01   0.8474513544080391E-01
   0.6900195565010655E+00   0.5000000000000000E+00   0.1028301848399697E-01   0.1397936384885741E-01   0.4445496745144368E-01
   0.6567463168236448E+00   0.5000000000000000E+00   0.1033640349246557E-01   0.2345179435138783E-02   0.7703984816922619E-02
   0.6227098900489302E+00   0.5000000000000000E+00   0.1028576418559989E-01  -0.8136819118825727E-02  -0.2540763331546109E-01
   0.5880759821968854E+00   0.5000000000000000E+00   0.1014192576342444E-01  -0.1689185656659859E-01  -0.5306291446487822E-01
   0.5530132087601466E+00   0.5000000000000000E+00   0.9917206694004914E-02  -0.2414622023964847E-01  -0.7597434021021673E-01
   0.5176922712638555E+00   0.5000000000000000E+00   0.9622255666268944E-02  -0.3018303558180154E-01  -0.9503833001787269E-01
   0.4822851258477949E+00   0.5000000000000000E+00   0.9266884788804360E-02  -0.3526553884093284E-01  -0.1110855120971495E+00
   0.4469641436172984E+00   0.5000000000000000E+00   0.8859108504722360E-02  -0.3870854136070065E-01  -0.1219517849428036E+00
   0.4119012968095552E+00   0.5000000000000000E+00   0.8419400913902144E-02  -0.3877147146847652E-01  -0.1221385809086435E+00
   0.3772673795711844E+00   0.5000000000000000E+00   0.7986519912228880E-02  -0.3794544089231095E-01  -0.1195152727349425E+00
   0.3432309878162463E+00   0.5000000000000000E+00   0.7550585839419941E-02  -0.3776466574764582E-01  -0.1189275156288979E+00
   0.3099578905511488E+00   0.5000000000000000E+00   0.7113662210603763E-02  -0.3748849502463616E-01  -0.1180375546768625E+00
   0.2776101513083605E+00   0.5000000000000000E+00   0.6679704368882414E-02  -0.3706847648425942E-01  -0.1166933928423749E+00
   0.2463453509258827E+00   0.5000000000000000E+00   0.6251688568371099E-02  -0.3684598697664482E-01  -0.1159708367231205E+00
   0.2163158007992354E+00   0.5000000000000000E+00   0.5828740804184272E-02  -0.3722466822399484E-01  -0.1171473019438563E+00
   0.1876677878342622E+00   0.5000000000000000E+00   0.5406670364262075E-02  -0.3558832003565462E-01  -0.1119622253588138E+00
   0.1605410410431003E+00   0.5000000000000000E+00   0.5013406324628630E-02  -0.3218112104898749E-01  -0.1011855260268486E+00
   0.1350677531237439E+00   0.5000000000000000E+00   0.4652420983627713E-02  -0.2926387387502209E-01  -0.9195830421211466E-01
   0.1113720724352409E+00   0.5000000000000000E+00   0.4316418753912916E-02  -0.2701976853023073E-01  -0.8485912832960035E-01
   0.8956953367321406E-01   0.5000000000000000E+00   0.4001352395577822E-02  -0.2409040585662760E-01  -0.7560737014608966E-01
   0.6976648784963661E-01   0.5000000000000000E+00   0.3711590958001704E-02  -0.1986571855735857E-01  -0.6227415118154539E-01
   0.5205953583166717E-01   0.5000000000000000E+00   0.3448865668160181E-02  -0.1750045834006091E-01  -0.5482315734922091E-01
   0.3653499779823825E-01   0.5000000000000000E+00   0.3190969293353269E-02  -0.1642422852283980E-01  -0.5146592361994189E-01
   0.2326866167404020E-01   0.5000000000000000E+00   0.2925803380202518E-02  -0.1715387230857030E-01  -0.5387590555610603E-01
   0.1232529029129371E-01   0.5000000000000000E+00   0.2619654482462566E-02  -0.5384815067839796E-01  -0.1700196558076585E+00
   0.3758389194209999E-02   0.5000000000000000E+00   0.1991675764480944E-02   0.3390615958581980E+00   0.1070504248312579E+01
   0.3768812472887751E-02   0.5000000000000000E+00   0.1496005200467694E-02   0.4420691006994726E+00   0.1396385762737824E+01
   0.1233744206316378E-01   0.5000000000000000E+00   0.1950621687464689E-02  -0.4222246488190399E-01  -0.1340544471947848E+00
   0.2328367280090985E-01   0.5000000000000000E+00   0.2449868109499151E-02  -0.1192379396436498E+00  -0.3771096069855648E+00
   0.3655252606137392E-01   0.5000000000000000E+00   0.3111575200758505E-02  -0.1683693469328128E+00  -0.5321676397668297E+00
   0.5207924390220949E-01   0.5000000000000000E+00   0.3931535946540789E-02  -0.1996195286191995E+00  -0.6307922632328389E+00
   0.6978799724388780E-01   0.5000000000000000E+00   0.4927066633399505E-02  -0.2248041438045384E+00  -0.7102766929386456E+00
   0.8959237500250843E-01   0.5000000000000000E+00   0.6101340849705960E-02  -0.2449166406476744E+00  -0.7737533056666224E+00
   0.1113957729996652E+00   0.5000000000000000E+00   0.7452683032242654E-02  -0.2607042968708427E+00  -0.8235855905084650E+00
   0.1350918927959290E+00   0.5000000000000000E+00   0.8971418657653014E-02  -0.2727539837990320E+00  -0.8616193544037438E+00
   0.1605652503857035E+00   0.5000000000000000E+00   0.1064860226256712E-01  -0.2841015050877977E+00  -0.8974415176397730E+00
   0.1876916478389022E+00   0.5000000000000000E+00   0.1249884150213209E-01  -0.2950659876638218E+00  -0.9320572031273298E+00
   0.2163389373485194E+00   0.5000000000000000E+00   0.1450609690954102E-01  -0.3015983153242405E+00  -0.9526802652278930E+00
   0.2463676267777555E+00   0.5000000000000000E+00   0.1663235372398923E-01  -0.3051347368945718E+00  -0.9638455394076113E+00
   0.2776314522960208E+00   0.5000000000000000E+00   0.1887322919029589E-01  -0.3081102555778079E+00  -0.9732439218459251E+00
   0.3099781794890655E+00   0.5000000000000000E+00   0.2121561175184021E-01  -0.3103783265085034E+00  -0.9804114540086240E+00
   0.3432503144415953E+00   0.5000000000000000E+00   0.2365075556433303E-01  -0.3118887913013951E+00  -0.9851884796518533E+00
   0.3772858751664998E+00   0.5000000000000000E+00   0.2616322934939684E-01  -0.3122926121929583E+00  -0.9864736753353958E+00
   0.4119191624428697E+00   0.5000000000000000E+00   0.2873748101249623E-01  -0.3133330710843265E+00  -0.9897699044327904E+00
   0.4469816155829757E+00   0.5000000000000000E+00   0.3138168183141333E-01  -0.3121790334590285E+00  -0.9861379958684715E+00
   0.4823024960754645E+00   0.5000000000000000E+00   0.3404621714551299E-01  -0.3066112429654747E+00  -0.9685689672603766E+00
   0.5177098180016917E+00   0.5000000000000000E+00   0.3669633450001480E-01  -0.2990391035399736E+00  -0.9446698691222042E+00
   0.5530311940711240E+00   0.5000000000000000E+00   0.3931586949042044E-01  -0.2901384338804167E+00  -0.9165740029463034E+00
   0.5880946116210573E+00   0.5000000000000000E+00   0.4188432480056413E-01  -0.2796303353050180E+00  -0.8834005978505008E+00
   0.6227292932055365E+00   0.5000000000000000E+00   0.4438184389511748E-01  -0.2676827289155121E+00  -0.8456812477949313E+00
   0.6567665434705082E+00   0.5000000000000000E+00   0.4679187284672635E-01  -0.2536924465253857E+00  -0.8015095924247118E+00
   0.6900405107855125E+00   0.5000000000000000E+00   0.4909011177057759E-01  -0.2381994508438621E+00  -0.7525892655464316E+00
   0.7223890916325714E+00   0.5000000000000000E+00   0.5126558660630638E-01  -0.2224055975700341E+00  -0.7027202283753107E+00
   0.7536547208241154E+00   0.5000000000000000E+00   0.5331792746268049E-01  -0.2037471808065845E+00  -0.6438003306619591E+00
   0.7836849456423119E+00   0.5000000000000000E+00   0.5521754362730925E-01  -0.1821691856494204E+00  -0.5756541003688979E+00
   0.8123335524185473E+00   0.5000000000000000E+00   0.5695631528480408E-01  -0.1471496872455003E+00  -0.4650256310241942E+00
   0.8394604404200261E+00   0.5000000000000000E+00   0.5841384495166084E-01  -0.1044743312558141E+00  -0.3301907972612920E+00
   0.8649335345730289E+00   0.5000000000000000E+00   0.5957216425172296E-01  -0.6102447007289874E-01  -0.1929079633883812E+00
   0.8886287279729982E+00   0.5000000000000000E+00   0.6043996619480196E-01  -0.1827749282178254E-01  -0.5784891150746801E-01
   0.9104305652677609E+00   0.5000000000000000E+00   0.6103566586844457E-01   0.2277524579194216E-01   0.7184922818537592E-01
   0.9302328448084093E+00   0.5000000000000000E+00   0.6139109060953793E-01   0.6394561430337979E-01   0.2019153282202449E+00
   0.9479390386290983E+00   0.5000000000000000E+00   0.6152837447578258E-01   0.1043512476556542E+00   0.3295602826796319E+00
   0.9634629048856269E+00   0.5000000000000000E+00   0.6148720069034931E-01   0.1489423094931795E+00   0.4704233136002564E+00
   0.9767287312639981E+00   0.5000000000000000E+00   0.6128374640338836E-01   0.1956859414543165E+00   0.6180919204646927E+00
   0.9876719238149646E+00   0.5000000000000000E+00   0.6096295387253087E-01   0.2501240030668780E+00   0.7900810109742208E+00
   0.9962391423869864E+00   0.5000000000000000E+00   0.6055739621905468E-01   0.3003109329409807E+00   0.9486509822769729E+00
ZONE T="BLADE r/R= 0.750", I=  80 F=POINT
   0.9961382177238555E+00   0.7500000000000000E+00  -0.1715478137655271E-02   0.1329517487135448E+00   0.8292822459664180E+00
   0.9875707036654618E+00   0.7500000000000000E+00  -0.1340044020838719E-02   0.1097403474624500E+00   0.6845247179412787E+00
   0.9766272634679338E+00   0.7500000000000000E+00  -0.9758112881516865E-03   0.8616535266409343E-01   0.5375051434287383E+00
   0.9633613676607394E+00   0.7500000000000000E+00  -0.6330778856367021E-03   0.6930238863428384E-01   0.4323487216238613E+00
   0.9478377984414811E+00   0.7500000000000000E+00  -0.3188500498504802E-03   0.5707222007859837E-01   0.3560846338998985E+00
   0.9301323454293740E+00   0.7500000000000000E+00  -0.3145099620697836E-04   0.4958299496611992E-01   0.3093982203295025E+00
   0.9103313567290283E+00   0.7500000000000000E+00   0.2487743149530907E-03   0.4531571222947204E-01   0.2828136481188093E+00
   0.8885315011560269E+00   0.7500000000000000E+00   0.5259542667398454E-03   0.4376737998703303E-01   0.2731974558805706E+00
   0.8648390752314700E+00   0.7500000000000000E+00   0.8259923801298777E-03   0.4561177787757258E-01   0.2847596187497878E+00
   0.8393695830931859E+00   0.7500000000000000E+00   0.1180315794895182E-02   0.4990692022543771E-01   0.3116211824367490E+00
   0.8122471808899733E+00   0.7500000000000000E+00   0.1613864539550551E-02   0.5498656251096897E-01   0.3433774802288094E+00
   0.7836039740642076E+00   0.7500000000000000E+00   0.2135119435448073E-02   0.5351448252052797E-01   0.3342088422401004E+00
   0.7535800479967617E+00   0.7500000000000000E+00   0.2614541500145436E-02   0.4620140920249184E-01   0.2885579428689333E+00
   0.7223215590311065E+00   0.7500000000000000E+00   0.3028135624169071E-02   0.3813977056386504E-01   0.2382273638549612E+00
   0.6899807883311698E+00   0.7500000000000000E+00   0.3360579746678518E-02   0.3067675783541306E-01   0.1916331122724297E+00
   0.6567151913860735E+00   0.7500000000000000E+00   0.3620892679051021E-02   0.2401494636119926E-01   0.1500428541629590E+00
   0.6226867721057135E+00   0.7500000000000000E+00   0.3806296877164594E-02   0.1803021606171708E-01   0.1126802588961749E+00
   0.5880611909033535E+00   0.7500000000000000E+00   0.3924819837655795E-02   0.1315747521106673E-01   0.8226171779316610E-01
   0.5530069995715967E+00   0.7500000000000000E+00   0.3988600330291674E-02   0.9309292482899677E-02   0.5824193420904766E-01
   0.5176948291298535E+00   0.7500000000000000E+00   0.4007211784782728E-02   0.6295908473201986E-02   0.3943381286156492E-01
   0.4822965550100475E+00   0.7500000000000000E+00   0.3989915531754418E-02   0.4061133109617927E-02   0.2548671507458930E-01
   0.4469844653384545E+00   0.7500000000000000E+00   0.3946126183007804E-02   0.2941869550648560E-02   0.1850704455589228E-01
   0.4119304329393113E+00   0.7500000000000000E+00   0.3893561300293705E-02   0.3706196878132149E-02   0.2328617052479377E-01
   0.3773051175563464E+00   0.7500000000000000E+00   0.3861313611547844E-02   0.5170101041467086E-02   0.3243299259549041E-01
   0.3432770561186040E+00   0.7500000000000000E+00   0.3842908506615404E-02   0.6462237720123679E-02   0.4050926074297199E-01
   0.3100119198511105E+00   0.7500000000000000E+00   0.3839332850455169E-02   0.7877891255599791E-02   0.4935855186468488E-01
   0.2776716873023024E+00   0.7500000000000000E+00   0.3851451942025018E-02   0.9423003833461091E-02   0.5901559839497991E-01
   0.2464138664965352E+00   0.7500000000000000E+00   0.3879665892787351E-02   0.1087381541483981E-01   0.6808455404727987E-01
   0.2163907085097150E+00   0.7500000000000000E+00   0.3919675902304014E-02   0.1204797570243935E-01   0.7542731666758841E-01
   0.1877484667920077E+00   0.7500000000000000E+00   0.3966531637769973E-02   0.1407526866973775E-01   0.8809136295129164E-01
   0.1606267985020210E+00   0.7500000000000000E+00   0.4035636675369408E-02   0.1674911230549566E-01   0.1047880885697001E+00
   0.1351578873300504E+00   0.7500000000000000E+00   0.4122796672517959E-02   0.1910113562447025E-01   0.1194766835249630E+00
   0.1114659074332509E+00   0.7500000000000000E+00   0.4220174596696311E-02   0.2095431868465972E-01   0.1310507192273588E+00
   0.8966639527295486E-01   0.7500000000000000E+00   0.4319863989804084E-02   0.2279877832400708E-01   0.1425725258213025E+00
   0.6986572206421300E-01   0.7500000000000000E+00   0.4420554666252097E-02   0.2480150766954044E-01   0.1550895380751464E+00
   0.5216052568449930E-01   0.7500000000000000E+00   0.4518359216874868E-02   0.2515977933048033E-01   0.1573475544117670E+00
   0.3663716813871828E-01   0.7500000000000000E+00   0.4591917776509647E-02   0.2382951050602369E-01   0.1490661496438254E+00
   0.2337146839653634E-01   0.7500000000000000E+00   0.4632678721989915E-02   0.1767025792405360E-01   0.1106132002691690E+00
   0.1242815664901976E-01   0.7500000000000000E+00   0.4604907747732537E-02  -0.9795203754899572E-02  -0.6080298649302567E-01
   0.3860011784328757E-02   0.7500000000000000E+00   0.4390408665299413E-02   0.9757140985277803E-01   0.6083946920945157E+00
   0.3865414270339468E-02   0.7500000000000000E+00   0.4085845418181930E-02   0.1897019374716329E+00   0.1183156956370171E+01
   0.1243199274954395E-01   0.7500000000000000E+00   0.4529909948489271E-02  -0.7783720706627913E-01  -0.4862634877630716E+00
   0.2337576372745300E-01   0.7500000000000000E+00   0.5024587360448407E-02  -0.1029123636096841E+00  -0.6426656089458336E+00
   0.3664203671620522E-01   0.7500000000000000E+00   0.5648010261597113E-02  -0.1204141731721542E+00  -0.7518595036402568E+00
   0.5216601937674731E-01   0.7500000000000000E+00   0.6397325487748325E-02  -0.1317265455390156E+00  -0.8224633828175750E+00
   0.6987183439463145E-01   0.7500000000000000E+00   0.7287856505235129E-02  -0.1413766573990278E+00  -0.8826979830665351E+00
   0.8967305340262931E-01   0.7500000000000000E+00   0.8318581048031173E-02  -0.1489323406482111E+00  -0.9298504689479282E+00
   0.1114730266544057E+00   0.7500000000000000E+00   0.9488059664815056E-02  -0.1548031726066496E+00  -0.9664778318791032E+00
   0.1351654084942575E+00   0.7500000000000000E+00   0.1078765818966586E-01  -0.1589570667428709E+00  -0.9923818653526907E+00
   0.1606346748446920E+00   0.7500000000000000E+00   0.1220706590854600E-01  -0.1628994547891829E+00  -0.1016963912403775E+01
   0.1877565653552857E+00   0.7500000000000000E+00   0.1375673526903631E-01  -0.1668000937274665E+00  -0.1041283926722340E+01
   0.2163988964685860E+00   0.7500000000000000E+00   0.1542248903181686E-01  -0.1687189332874420E+00  -0.1053239239350706E+01
   0.2464221462204627E+00   0.7500000000000000E+00   0.1717728807650365E-01  -0.1694218653098375E+00  -0.1057611539968329E+01
   0.2776800117749694E+00   0.7500000000000000E+00   0.1901652768481215E-01  -0.1699834051233557E+00  -0.1061102199524859E+01
   0.3100202495825403E+00   0.7500000000000000E+00   0.2093024393602247E-01  -0.1704486496953118E+00  -0.1063994541009789E+01
   0.3432853578776215E+00   0.7500000000000000E+00   0.2291354292401059E-01  -0.1708003870469896E+00  -0.1066181185894137E+01
   0.3773133783842111E+00   0.7500000000000000E+00   0.2495544030497372E-01  -0.1708078168383770E+00  -0.1066219360343893E+01
   0.4119386601245718E+00   0.7500000000000000E+00   0.2704500136360680E-01  -0.1713054153354253E+00  -0.1069319341334562E+01
   0.4469926393974861E+00   0.7500000000000000E+00   0.2918883753320822E-01  -0.1709950479126314E+00  -0.1067380054452178E+01
   0.4823047188534572E+00   0.7500000000000000E+00   0.3135076482303854E-01  -0.1687100106889262E+00  -0.1053117887347364E+01
   0.5177030207303811E+00   0.7500000000000000E+00   0.3350493221974234E-01  -0.1656600717778866E+00  -0.1034081532755541E+01
   0.5530152498934404E+00   0.7500000000000000E+00   0.3564137697361841E-01  -0.1621605279086203E+00  -0.1012242488727965E+01
   0.5880695205627905E+00   0.7500000000000000E+00   0.3774444866278250E-01  -0.1580125520241240E+00  -0.9863605487118374E+00
   0.6226951882170385E+00   0.7500000000000000E+00   0.3979977741565108E-01  -0.1534017210812515E+00  -0.9575918367867603E+00
   0.6567236864471281E+00   0.7500000000000000E+00   0.4179692633699426E-01  -0.1480118092566650E+00  -0.9239665572395789E+00
   0.6899893081526424E+00   0.7500000000000000E+00   0.4371820199850518E-01  -0.1419451666774980E+00  -0.8861213970704475E+00
   0.7223300501237365E+00   0.7500000000000000E+00   0.4555461146980650E-01  -0.1360401859106024E+00  -0.8492898744968589E+00
   0.7535884451325469E+00   0.7500000000000000E+00   0.4731006364419985E-01  -0.1287429719511320E+00  -0.8037723727286921E+00
   0.7836121527852601E+00   0.7500000000000000E+00   0.4895717838870180E-01  -0.1197265101273790E+00  -0.7475262943076331E+00
   0.8122550213730469E+00   0.7500000000000000E+00   0.5048850593797397E-01  -0.1011214240932432E+00  -0.6314143492063794E+00
   0.8393769647700945E+00   0.7500000000000000E+00   0.5176510658801100E-01  -0.7657445317567503E-01  -0.4782030875872637E+00
   0.8648458890940991E+00   0.7500000000000000E+00   0.5277474077327227E-01  -0.5193714060363849E-01  -0.3244330918971036E+00
   0.8885376511706713E+00   0.7500000000000000E+00   0.5353119218275166E-01  -0.2848500340985528E-01  -0.1780673706303668E+00
   0.9103367484697015E+00   0.7500000000000000E+00   0.5405949501998242E-01  -0.6908609290197660E-02  -0.4341650959874304E-01
   0.9301369149458694E+00   0.7500000000000000E+00   0.5439424885242918E-01   0.1421144747476209E-01   0.8838260012284903E-01
   0.9478415274369202E+00   0.7500000000000000E+00   0.5455498237190402E-01   0.3422967216055035E-01   0.2132984553106688E+00
   0.9633642725246629E+00   0.7500000000000000E+00   0.5457847376555686E-01   0.5586031293686117E-01   0.3482675487691184E+00
   0.9766293433054506E+00   0.7500000000000000E+00   0.5447769930389355E-01   0.7860559160583616E-01   0.4901783002531664E+00
   0.9875720481506653E+00   0.7500000000000000E+00   0.5428655777808154E-01   0.1063787474007575E+00   0.6634687276652326E+00
   0.9961389660202662E+00   0.7500000000000000E+00   0.5402145718822149E-01   0.1329521904546826E+00   0.8292850346436437E+00
ZONE T="BLADE r/R= 0.900", I=  80 F=POINT
   0.9959039430203339E+00   0.9000000000000000E+00   0.2176858891663301E-02   0.3706658957241794E-01   0.3211450409951629E+00
   0.9873450832102130E+00   0.9000000000000000E+00   0.2262232061214737E-02   0.3064843124182083E-01   0.2654783624646561E+00
   0.9764123561625480E+00   0.9000000000000000E+00   0.2343981255873496E-02   0.2542331120817801E-01   0.2202166345206153E+00
   0.9631589407602312E+00   0.9000000000000000E+00   0.2429691669883325E-02   0.2312876623010431E-01   0.2004357380123188E+00
   0.9476492815157680E+00   0.9000000000000000E+00   0.2515264480809871E-02   0.2122080048317847E-01   0.1839672321606020E+00
   0.9299588247065771E+00   0.9000000000000000E+00   0.2599106195107434E-02   0.2093937556645155E-01   0.1815820917571431E+00
   0.9101735555266084E+00   0.9000000000000000E+00   0.2694488504171372E-02   0.2181930874884944E-01   0.1892734313493049E+00
   0.8883897958496066E+00   0.9000000000000000E+00   0.2803015099059948E-02   0.2376678375928224E-01   0.2062211536932349E+00
   0.8647134980362237E+00   0.9000000000000000E+00   0.2940174347592527E-02   0.2748500319778010E-01   0.2385300806667169E+00
   0.8392598563626914E+00   0.9000000000000000E+00   0.3125997471710003E-02   0.3246272393014636E-01   0.2817675764678403E+00
   0.8121527531455937E+00   0.9000000000000000E+00   0.3376554580898877E-02   0.3753783512618322E-01   0.3258425326482489E+00
   0.7835240521863587E+00   0.9000000000000000E+00   0.3696565838334070E-02   0.3694952430910535E-01   0.3207284589438471E+00
   0.7535137106315885E+00   0.9000000000000000E+00   0.3992145399865062E-02   0.3171144936423306E-01   0.2752388387210222E+00
   0.7222677458669045E+00   0.9000000000000000E+00   0.4245986430521819E-02   0.2589325116344871E-01   0.2247138870578453E+00
   0.6899383944184917E+00   0.9000000000000000E+00   0.4447623341912893E-02   0.2061675860229775E-01   0.1788941035243183E+00
   0.6566831318218171E+00   0.9000000000000000E+00   0.4604501641347954E-02   0.1605068525865426E-01   0.1392497835379120E+00
   0.6226640498131935E+00   0.9000000000000000E+00   0.4715877690698694E-02   0.1211503060967070E-01   0.1050838416583102E+00
   0.5880469534047083E+00   0.9000000000000000E+00   0.4789019974153863E-02   0.9149204014467224E-02   0.7934152197902850E-01
   0.5530005863090758E+00   0.9000000000000000E+00   0.4834047123705540E-02   0.7040438422075720E-02   0.6104583373487719E-01
   0.5176958069294506E+00   0.9000000000000000E+00   0.4858438678232989E-02   0.5483209992630867E-02   0.4754055054138526E-01
   0.4823047413958044E+00   0.9000000000000000E+00   0.4866393527992307E-02   0.4324763221948933E-02   0.3748876956996323E-01
   0.4469999369003720E+00   0.9000000000000000E+00   0.4862354348612586E-02   0.3850353937834437E-02   0.3336470487391292E-01
   0.4119535174855293E+00   0.9000000000000000E+00   0.4857346410832628E-02   0.4684891236957381E-02   0.4060665940563607E-01
   0.3773363711158484E+00   0.9000000000000000E+00   0.4870748667575644E-02   0.6214664646126094E-02   0.5389072851033533E-01
   0.3433172422957645E+00   0.9000000000000000E+00   0.4901755390733672E-02   0.7858373228045204E-02   0.6817377823025408E-01
   0.3100619574986342E+00   0.9000000000000000E+00   0.4952274754396769E-02   0.9735655169694586E-02   0.8449265061823018E-01
   0.2777325979007916E+00   0.9000000000000000E+00   0.5023734906994195E-02   0.1185327875820774E-01   0.1028981789526224E+00
   0.2464867199762811E+00   0.9000000000000000E+00   0.5117143711032071E-02   0.1396589751065358E-01   0.1212622525628432E+00
   0.2164765505490994E+00   0.9000000000000000E+00   0.5228307061182224E-02   0.1591981162825249E-01   0.1382498845561795E+00
   0.1878482570719029E+00   0.9000000000000000E+00   0.5353384888382797E-02   0.1835462323635375E-01   0.1594133313228837E+00
   0.1607413353722208E+00   0.9000000000000000E+00   0.5498751276578903E-02   0.2111713363199381E-01   0.1834239681598397E+00
   0.1352877550320907E+00   0.9000000000000000E+00   0.5659862382517351E-02   0.2376348812501136E-01   0.2064280305566430E+00
   0.1116114350556238E+00   0.9000000000000000E+00   0.5831646795144437E-02   0.2615502013739572E-01   0.2272207863974081E+00
   0.8982759469439976E-01   0.9000000000000000E+00   0.6007122504654232E-02   0.2851311858773535E-01   0.2477268960491817E+00
   0.7004225266319657E-01   0.9000000000000000E+00   0.6183269024820138E-02   0.3117681974723637E-01   0.2708933048613375E+00
   0.5235169036346841E-01   0.9000000000000000E+00   0.6358017603066466E-02   0.3360558490910322E-01   0.2920403441692624E+00
   0.3684189573413256E-01   0.9000000000000000E+00   0.6521993854486697E-02   0.3585893378685839E-01   0.3116690446277392E+00
   0.2358832038215053E-01   0.9000000000000000E+00   0.6669099786529817E-02   0.3515266786774383E-01   0.3056067402731969E+00
   0.1265533129172748E-01   0.9000000000000000E+00   0.6770626175223727E-02   0.2804278832221997E-01   0.2441292593840543E+00
   0.4095190158598330E-02   0.9000000000000000E+00   0.6797850365665770E-02   0.1008596072953951E+00   0.8773069707364858E+00
   0.4098462798895705E-02   0.9000000000000000E+00   0.6967756351175912E-02   0.1934463944559388E-01   0.1660566122329225E+00
   0.1265547153414988E-01   0.9000000000000000E+00   0.7381468555346307E-02  -0.9894146849192992E-01  -0.8604428694046735E+00
   0.2358781836339564E-01   0.9000000000000000E+00   0.7814340776434850E-02  -0.1024150738050402E+00  -0.8902540835580773E+00
   0.3684106477006571E-01   0.9000000000000000E+00   0.8319907617537304E-02  -0.1072417481550145E+00  -0.9319576437084902E+00
   0.5235075191985527E-01   0.9000000000000000E+00   0.8903336096461963E-02  -0.1109031723441695E+00  -0.9636225953516898E+00
   0.7004136267236888E-01   0.9000000000000000E+00   0.9574858294421460E-02  -0.1143945897376823E+00  -0.9938701130420499E+00
   0.8982685126018541E-01   0.9000000000000000E+00   0.1033072152988098E-01  -0.1168499319302562E+00  -0.1015139947176012E+01
   0.1116109321719586E+00   0.9000000000000000E+00   0.1116919248929236E-01  -0.1186891596736406E+00  -0.1031071231911915E+01
   0.1352875944808956E+00   0.9000000000000000E+00   0.1208525671775018E-01  -0.1198271800462198E+00  -0.1040926168017692E+01
   0.1607416123528185E+00   0.9000000000000000E+00   0.1307265139593893E-01  -0.1210704443091393E+00  -0.1051703067566248E+01
   0.1878489757675178E+00   0.9000000000000000E+00   0.1413669863216674E-01  -0.1224247501827445E+00  -0.1063444826098434E+01
   0.2164776970824524E+00   0.9000000000000000E+00   0.1526794774367537E-01  -0.1227105457988000E+00  -0.1065907082307098E+01
   0.2464883676795905E+00   0.9000000000000000E+00   0.1645128606291492E-01  -0.1223802921542129E+00  -0.1063022200354234E+01
   0.2777347406689811E+00   0.9000000000000000E+00   0.1768263806235932E-01  -0.1219856200992395E+00  -0.1059580234954110E+01
   0.3100645648382663E+00   0.9000000000000000E+00   0.1895491858888133E-01  -0.1216225181283290E+00  -0.1056414771371336E+01
   0.3433202602473468E+00   0.9000000000000000E+00   0.2026541954737285E-01  -0.1213488481267298E+00  -0.1054032697355125E+01
   0.3773397350820881E+00   0.9000000000000000E+00   0.2160808755372983E-01  -0.1210143542558741E+00  -0.1051129006719802E+01
   0.4119571579696050E+00   0.9000000000000000E+00   0.2297699786791454E-01  -0.1212152711271428E+00  -0.1052881154068630E+01
   0.4470037428293055E+00   0.9000000000000000E+00   0.2437860394594009E-01  -0.1210413496728706E+00  -0.1051381394666038E+01
   0.4823086512651829E+00   0.9000000000000000E+00   0.2578977531370509E-01  -0.1194628764957074E+00  -0.1037678916303324E+01
   0.5176997512501788E+00   0.9000000000000000E+00   0.2719147272936613E-01  -0.1171562159201178E+00  -0.1017643225243889E+01
   0.5530044950422137E+00   0.9000000000000000E+00   0.2857421133140151E-01  -0.1144037666717833E+00  -0.9937241732706693E+00
   0.5880507636968644E+00   0.9000000000000000E+00   0.2992650586790972E-01  -0.1112531911177090E+00  -0.9663411540291712E+00
   0.6226677069663505E+00   0.9000000000000000E+00   0.3123992449039287E-01  -0.1080420832320440E+00  -0.9384375441678491E+00
   0.6566865953097124E+00   0.9000000000000000E+00   0.3251115296112982E-01  -0.1046483756760288E+00  -0.9089560190569631E+00
   0.6899416116767813E+00   0.9000000000000000E+00   0.3373169912315469E-01  -0.1011227284501961E+00  -0.8783319439363781E+00
   0.7222706975920258E+00   0.9000000000000000E+00   0.3489881718564829E-01  -0.9807486842136366E-01  -0.8518622470901879E+00
   0.7535163975281406E+00   0.9000000000000000E+00   0.3601890278383579E-01  -0.9453626774319822E-01  -0.8211390522286850E+00
   0.7835264484331027E+00   0.9000000000000000E+00   0.3707727293033411E-01  -0.9035578842529661E-01  -0.7848493903911170E+00
   0.8121548564757588E+00   0.9000000000000000E+00   0.3807361058332235E-01  -0.8066244158396102E-01  -0.7007137451497003E+00
   0.8392616875021941E+00   0.9000000000000000E+00   0.3892169154526774E-01  -0.6768553726259659E-01  -0.5880849195120170E+00
   0.8647150835589200E+00   0.9000000000000000E+00   0.3961470458416242E-01  -0.5498424413129293E-01  -0.4778524329662318E+00
   0.8883911682960361E+00   0.9000000000000000E+00   0.4016172205371456E-01  -0.4321817548901814E-01  -0.3757389095746044E+00
   0.9101747319607457E+00   0.9000000000000000E+00   0.4057684450157951E-01  -0.3264843274761017E-01  -0.2840102354289467E+00
   0.9299598251053053E+00   0.9000000000000000E+00   0.4087891734534502E-01  -0.2235794710407271E-01  -0.1947005094628001E+00
   0.9476501407037025E+00   0.9000000000000000E+00   0.4107638735899530E-01  -0.1257479419864025E-01  -0.1097851152781932E+00
   0.9631596950803343E+00   0.9000000000000000E+00   0.4118673027691806E-01  -0.2048844154260972E-02  -0.1843028441134424E-01
   0.9764129872123281E+00   0.9000000000000000E+00   0.4121688318715860E-01   0.8642887539521943E-02   0.7436092103989883E-01
   0.9873456087382043E+00   0.9000000000000000E+00   0.4118655119792087E-01   0.2288580596043617E-01   0.1980173212256006E+00
   0.9959043924543133E+00   0.9000000000000000E+00   0.4109169989494228E-01   0.3706697819750565E-01   0.3211484424527427E+00
ZONE T="BLADE r/R= 0.950", I=  80 F=POINT
   0.9952696353415111E+00   0.9500000000000000E+00   0.6051718364113238E-02  -0.1436142482455904E-01  -0.1389907661461177E+00
   0.9867398941843455E+00   0.9500000000000000E+00   0.6033617497347917E-02  -0.1454705040874305E-01  -0.1406520840212034E+00
   0.9758429660189973E+00   0.9500000000000000E+00   0.6008075712546528E-02  -0.1355008176350890E-01  -0.1310248616049575E+00
   0.9626308939212371E+00   0.9500000000000000E+00   0.5981659732000064E-02  -0.7938316004823222E-02  -0.7708301895991537E-01
   0.9471668457804179E+00   0.9500000000000000E+00   0.5977090479368852E-02  -0.7514897309000299E-03  -0.7825272010060648E-02
   0.9295248995976682E+00   0.9500000000000000E+00   0.5987015190725976E-02   0.3365993503780869E-02   0.3191571805179821E-01
   0.9097896518646102E+00   0.9500000000000000E+00   0.6007143316672489E-02   0.5807727347603343E-02   0.5539433636530765E-01
   0.8880560626424827E+00   0.9500000000000000E+00   0.6037163723670615E-02   0.8550115152533708E-02   0.8169671982844186E-01
   0.8644287954534593E+00   0.9500000000000000E+00   0.6085110946410008E-02   0.1229358946061138E-01   0.1176346049422480E+00
   0.8390218893949460E+00   0.9500000000000000E+00   0.6161077424922888E-02   0.1657813038168685E-01   0.1587919871229451E+00
   0.8119582400031342E+00   0.9500000000000000E+00   0.6272251800160777E-02   0.2051946033565143E-01   0.1966145040202719E+00
   0.7833689316440008E+00   0.9500000000000000E+00   0.6419840133161779E-02   0.1986784019603929E-01   0.1903397233491212E+00
   0.7533933359503966E+00   0.9500000000000000E+00   0.6549391810485914E-02   0.1581710232457965E-01   0.1514745654771521E+00
   0.7221771138293126E+00   0.9500000000000000E+00   0.6651667966598850E-02   0.1149335311959712E-01   0.1100055207733299E+00
   0.6898724456066595E+00   0.9500000000000000E+00   0.6721856156743744E-02   0.7717210543067375E-02   0.7378216683826445E-01
   0.6566370233503134E+00   0.9500000000000000E+00   0.6765033460199290E-02   0.4585769350127779E-02   0.4374369398038991E-01
   0.6226334134116331E+00   0.9500000000000000E+00   0.6782184792107369E-02   0.2205637279998519E-02   0.2093285903147747E-01
   0.5880281210274920E+00   0.9500000000000000E+00   0.6781579335183624E-02   0.1057026042561357E-02   0.9961834555586279E-02
   0.5529907752009504E+00   0.9500000000000000E+00   0.6775576261034413E-02   0.9135238005906477E-03   0.8651112928161012E-02
   0.5176932607057031E+00   0.9500000000000000E+00   0.6770815035138633E-02   0.9018628221179906E-03   0.8592083167768695E-02
   0.4823088168895688E+00   0.9500000000000000E+00   0.6764337651989224E-02   0.1119864969498465E-03   0.1005557990206945E-02
   0.4470111366240189E+00   0.9500000000000000E+00   0.6744916964391605E-02  -0.1166046528017427E-02  -0.1131257547354177E-01
   0.4119734657160072E+00   0.9500000000000000E+00   0.6712907606987555E-02  -0.1497928205862248E-02  -0.1455510398589098E-01
   0.3773677351725007E+00   0.9500000000000000E+00   0.6684477981100181E-02  -0.9002497786257347E-03  -0.8862134814047115E-02
   0.3433635953286892E+00   0.9500000000000000E+00   0.6662643760632839E-02   0.2504896667050818E-03   0.2154423259235473E-02
   0.3101276031287565E+00   0.9500000000000000E+00   0.6654074438515628E-02   0.2144936363825328E-02   0.2032719556226979E-01
   0.2778223519658525E+00   0.9500000000000000E+00   0.6665008810001018E-02   0.4680226520898274E-02   0.4467584906193985E-01
   0.2466056636866052E+00   0.9500000000000000E+00   0.6699197609053053E-02   0.7377634916897714E-02   0.7060092116638278E-01
   0.2166297666346125E+00   0.9500000000000000E+00   0.6753718686726952E-02   0.9909570973174534E-02   0.9493916913240463E-01
   0.1880405525192368E+00   0.9500000000000000E+00   0.6825295908444278E-02   0.1270319520893367E-01   0.1217809802489870E+00
   0.1609769805013498E+00   0.9500000000000000E+00   0.6916522753801541E-02   0.1568567905827408E-01   0.1504343618401210E+00
   0.1355702343499698E+00   0.9500000000000000E+00   0.7024324026506281E-02   0.1860516165038469E-01   0.1784687376602040E+00
   0.1119432190891282E+00   0.9500000000000000E+00   0.7145093089339020E-02   0.2152596975455008E-01   0.2065139999720396E+00
   0.9020995705067550E-01   0.9500000000000000E+00   0.7275689596729194E-02   0.2493992913968182E-01   0.2393050013633752E+00
   0.7047514096901002E-01   0.9500000000000000E+00   0.7417281692257233E-02   0.2934228793313309E-01   0.2815924300022914E+00
   0.5283363372104136E-01   0.9500000000000000E+00   0.7571692351279477E-02   0.3432264914168264E-01   0.3294140051144792E+00
   0.3736997079293691E-01   0.9500000000000000E+00   0.7732877806319407E-02   0.3799614474218779E-01   0.3646682304313946E+00
   0.2415818047018817E-01   0.9500000000000000E+00   0.7878404205158701E-02   0.4194816645982548E-01   0.4027308136171860E+00
   0.1326125876998943E-01   0.9500000000000000E+00   0.8013784064522907E-02   0.5106317201493431E-01   0.4905531234828553E+00
   0.4729771392930975E-02   0.9500000000000000E+00   0.8148240557034645E-02   0.1020039499591987E+00   0.9778988703088803E+00
   0.4731322433175710E-02   0.9500000000000000E+00   0.8588910276081623E-02  -0.7758547010718954E-01  -0.7471887361332510E+00
   0.1325649031391799E-01   0.9500000000000000E+00   0.9025844589726417E-02  -0.1399985986270561E+00  -0.1345777281216341E+01
   0.2415112421532990E-01   0.9500000000000000E+00   0.9429635128070633E-02  -0.1235982078677840E+00  -0.1187700402338228E+01
   0.3736136936025644E-01   0.9500000000000000E+00   0.9872419465992356E-02  -0.1188668653019718E+00  -0.1141996319781482E+01
   0.5282405811966559E-01   0.9500000000000000E+00   0.1034962177266965E-01  -0.1150015366311214E+00  -0.1104548990122379E+01
   0.7046507549907366E-01   0.9500000000000000E+00   0.1087771784454235E-01  -0.1144847271655817E+00  -0.1099362390569477E+01
   0.9019982134690958E-01   0.9500000000000000E+00   0.1145880665289761E-01  -0.1143928830176194E+00  -0.1098373465345239E+01
   0.1119334208281881E+00   0.9500000000000000E+00   0.1209144360765414E-01  -0.1140685492113554E+00  -0.1095217780857423E+01
   0.1355611760934818E+00   0.9500000000000000E+00   0.1277080377509803E-01  -0.1133036719765879E+00  -0.1087840730945060E+01
   0.1609690223738098E+00   0.9500000000000000E+00   0.1349234081553099E-01  -0.1128595195655850E+00  -0.1083532063699029E+01
   0.1880339132701554E+00   0.9500000000000000E+00   0.1425924846184599E-01  -0.1128301684565508E+00  -0.1083219043386686E+01
   0.2166246009135227E+00   0.9500000000000000E+00   0.1506613171848238E-01  -0.1121235189885911E+00  -0.1076414311923945E+01
   0.2466021595125517E+00   0.9500000000000000E+00   0.1590259949687908E-01  -0.1109624739324875E+00  -0.1065243205789791E+01
   0.2778205417130495E+00   0.9500000000000000E+00   0.1676517654198323E-01  -0.1098560406100305E+00  -0.1054592366431304E+01
   0.3101274275010050E+00   0.9500000000000000E+00   0.1764917080240090E-01  -0.1090029615035995E+00  -0.1046392602953536E+01
   0.3433649084253657E+00   0.9500000000000000E+00   0.1855405171959687E-01  -0.1086948654048094E+00  -0.1043455968547303E+01
   0.3773703217745134E+00   0.9500000000000000E+00   0.1948047034242933E-01  -0.1089759790663487E+00  -0.1046206023905053E+01
   0.4119770580420775E+00   0.9500000000000000E+00   0.2042987259507628E-01  -0.1102918487950912E+00  -0.1058903011239773E+01
   0.4470153838353688E+00   0.9500000000000000E+00   0.2141179925374489E-01  -0.1114290940217799E+00  -0.1069888228677652E+01
   0.4823134010689763E+00   0.9500000000000000E+00   0.2240903982889724E-01  -0.1107768798199525E+00  -0.1063672220687442E+01
   0.5176978510508388E+00   0.9500000000000000E+00   0.2340153308682466E-01  -0.1084481005323813E+00  -0.1041299563276031E+01
   0.5529950505518889E+00   0.9500000000000000E+00   0.2437206048406492E-01  -0.1048693655776193E+00  -0.1006888959420139E+01
   0.5880317949625173E+00   0.9500000000000000E+00   0.2530642216442549E-01  -0.1008409904134817E+00  -0.9681570897371804E+00
   0.6226362526181102E+00   0.9500000000000000E+00   0.2620053363380250E-01  -0.9717040373998904E-01  -0.9328792651088010E+00
   0.6566388634973029E+00   0.9500000000000000E+00   0.2705556656494543E-01  -0.9389636757382462E-01  -0.9014319123644687E+00
   0.6898731756258023E+00   0.9500000000000000E+00   0.2787019824948144E-01  -0.9094868512707049E-01  -0.8731346851046407E+00
   0.7221767217021031E+00   0.9500000000000000E+00   0.2864468378952553E-01  -0.8856129532085952E-01  -0.8502242368286547E+00
   0.7533918954025723E+00   0.9500000000000000E+00   0.2938372682150690E-01  -0.8606745252449502E-01  -0.8262972987925544E+00
   0.7833665512540268E+00   0.9500000000000000E+00   0.3008019775205135E-01  -0.8344217029301437E-01  -0.8011159531928866E+00
   0.8119550996512960E+00   0.9500000000000000E+00   0.3073612183374334E-01  -0.7807061812015782E-01  -0.7496118715388176E+00
   0.8390182261999528E+00   0.9500000000000000E+00   0.3130967987069809E-01  -0.7128859256973093E-01  -0.6846068500509332E+00
   0.8644248719312277E+00   0.9500000000000000E+00   0.3179765985449920E-01  -0.6481664472778326E-01  -0.6225881308596505E+00
   0.8880521475318881E+00   0.9500000000000000E+00   0.3220433399415636E-01  -0.5884406567952095E-01  -0.5653433404895687E+00
   0.9097859819225946E+00   0.9500000000000000E+00   0.3253494108713157E-01  -0.5332206924107052E-01  -0.5124078712631259E+00
   0.9295216825988358E+00   0.9500000000000000E+00   0.3279553766208162E-01  -0.4767958365309945E-01  -0.4583279669082665E+00
   0.9471642551411940E+00   0.9500000000000000E+00   0.3298676783330647E-01  -0.4241497961994102E-01  -0.4078876160810234E+00
   0.9626290505939695E+00   0.9500000000000000E+00   0.3312173332547430E-01  -0.3725904890537523E-01  -0.3584687442523678E+00
   0.9758418611871980E+00   0.9500000000000000E+00   0.3320641276828331E-01  -0.3086674727904411E-01  -0.2971511389458498E+00
   0.9867394824561612E+00   0.9500000000000000E+00   0.3323113348326084E-01  -0.2193049987244512E-01  -0.2114793771351016E+00
   0.9952698247404241E+00   0.9500000000000000E+00   0.3319302636337213E-01  -0.1436115774949815E-01  -0.1389882399208549E+00
ZONE T="BLADE r/R= 0.995", I=  80 F=POINT
   0.8284695188196063E+00   0.9950000000000000E+00   0.9959700293402859E-02  -0.5412486698488664E-01  -0.5675024350736425E+00
   0.8279175659261482E+00   0.9950000000000000E+00   0.9951746260001892E-02  -0.5558579836076067E-01  -0.5823703425808711E+00
   0.8268391537800086E+00   0.9950000000000000E+00   0.9939625314254052E-02  -0.5671575194573889E-01  -0.5938234738091954E+00
   0.8249829595631107E+00   0.9950000000000000E+00   0.9922889042683732E-02  -0.5395915155524841E-01  -0.5648320047891856E+00
   0.8220692307452721E+00   0.9950000000000000E+00   0.9902206620998649E-02  -0.4483339510246378E-01  -0.4693971143554160E+00
   0.8178039454090528E+00   0.9950000000000000E+00   0.9878293105428631E-02  -0.3589199055399683E-01  -0.3757784711755812E+00
   0.8118935760475083E+00   0.9950000000000000E+00   0.9851941556980860E-02  -0.2862510545179977E-01  -0.2994290105344983E+00
   0.8040548288318988E+00   0.9950000000000000E+00   0.9820413128453312E-02  -0.1481345685661532E-01  -0.1547809285783764E+00
   0.7940252476140290E+00   0.9950000000000000E+00   0.9789670068176584E-02  -0.3743342812554229E-02  -0.3900078559059186E-01
   0.7815772774520173E+00   0.9950000000000000E+00   0.9765808026914661E-02   0.3308558674849691E-03   0.3582610332314188E-02
   0.7665276996597908E+00   0.9950000000000000E+00   0.9752860853974718E-02   0.6449704054076610E-03   0.6843390224850434E-02
   0.7487485307759341E+00   0.9950000000000000E+00   0.9755421514516567E-02   0.1732147276621184E-02   0.1816143214977383E-01
   0.7281696139995449E+00   0.9950000000000000E+00   0.9773740811643497E-02   0.6590736384744513E-02   0.6893467113891749E-01
   0.7047926569728924E+00   0.9950000000000000E+00   0.9806915128513080E-02   0.1488730454412642E-01   0.1557216398296976E+00
   0.6787104764686254E+00   0.9950000000000000E+00   0.9855585817827375E-02   0.2529314256112642E-01   0.2646329450987616E+00
   0.6501113417850740E+00   0.9950000000000000E+00   0.9922158622562424E-02   0.3703490825614833E-01   0.3875638713139897E+00
   0.6192811618660972E+00   0.9950000000000000E+00   0.1001215322932819E-01   0.5068367958516728E-01   0.5304759951970970E+00
   0.5865996427475577E+00   0.9950000000000000E+00   0.1013531853964181E-01   0.6849456412432788E-01   0.7169609111946199E+00
   0.5525303805439211E+00   0.9950000000000000E+00   0.1031290666778473E-01   0.9549997859287886E-01   0.9996881707349732E+00
   0.5176032483209315E+00   0.9950000000000000E+00   0.1058608100954135E-01   0.1218980547639557E+00   0.1276053258757907E+01
   0.4823904793730818E+00   0.9950000000000000E+00   0.1094479032155995E-01   0.9424278092782931E-01   0.9865573438274575E+00
   0.4474783647254596E+00   0.9950000000000000E+00   0.1122107334384765E-01   0.2083715018060526E-01   0.2181312630879834E+00
   0.4134373817694231E+00   0.9950000000000000E+00   0.1140286692693235E-01  -0.3248143919692617E-01  -0.3399737229290404E+00
   0.3807943754072523E+00   0.9950000000000000E+00   0.1153256335491151E-01  -0.6743234653520361E-01  -0.7057466448656655E+00
   0.3500093941316657E+00   0.9950000000000000E+00   0.1163166462401362E-01  -0.9600105304632633E-01  -0.1004633720996562E+01
   0.3214588079971506E+00   0.9950000000000000E+00   0.1171092158701518E-01  -0.1233049789058531E+00  -0.1290176819085108E+01
   0.2954257167804001E+00   0.9950000000000000E+00   0.1177663001718495E-01  -0.1523220272433582E+00  -0.1593509906011738E+01
   0.2720973676395113E+00   0.9950000000000000E+00   0.1183230800056632E-01  -0.1848632587731065E+00  -0.1933541975801922E+01
   0.2515678745179611E+00   0.9950000000000000E+00   0.1188005235854414E-01  -0.2231823326873699E+00  -0.2333794248858407E+01
   0.2338442755711132E+00   0.9950000000000000E+00   0.1192121926200727E-01  -0.2684135482751346E+00  -0.2806062139854096E+01
   0.2188574558107754E+00   0.9950000000000000E+00   0.1195614540586243E-01  -0.3172258751818596E+00  -0.3315465199126706E+01
   0.2064732231836670E+00   0.9950000000000000E+00   0.1198438365119679E-01  -0.3614375794222347E+00  -0.3776481200451155E+01
   0.1965017682663632E+00   0.9950000000000000E+00   0.1200364335061582E-01  -0.3833137661726239E+00  -0.4003918439271381E+01
   0.1887084757892236E+00   0.9950000000000000E+00   0.1201214671272094E-01  -0.3652886105957394E+00  -0.3814633092358942E+01
   0.1828259824330145E+00   0.9950000000000000E+00   0.1201725193496461E-01  -0.3659124707760992E+00  -0.3820204907560153E+01
   0.1785667851748576E+00   0.9950000000000000E+00   0.1201907462475391E-01  -0.3758877811522539E+00  -0.3923420168601802E+01
   0.1756316513293147E+00   0.9950000000000000E+00   0.1201747091049340E-01  -0.3609804660862089E+00  -0.3767038088953154E+01
   0.1737213184734302E+00   0.9950000000000000E+00   0.1201558049810529E-01  -0.3535075832389985E+00  -0.3688517330665654E+01
   0.1725451883260878E+00   0.9950000000000000E+00   0.1201762588848048E-01  -0.5816973743140629E+00  -0.6069788587420758E+01
   0.1717313284814348E+00   0.9950000000000000E+00   0.1205016892738452E-01  -0.2864941172023198E+00  -0.2994081007992663E+01
   0.1711919997121544E+00   0.9950000000000000E+00   0.1213401347682655E-01  -0.1510734818935022E+00  -0.1582273555072760E+01
   0.1712215705141888E+00   0.9950000000000000E+00   0.1225146238171840E-01  -0.3748456834509297E+00  -0.3919045110556108E+01
   0.1719620968584332E+00   0.9950000000000000E+00   0.1234823239128859E-01  -0.3247853585749081E+00  -0.3394917675731512E+01
   0.1735377620905749E+00   0.9950000000000000E+00   0.1245070274744008E-01  -0.3454467180867327E+00  -0.3610374224820376E+01
   0.1762203856208357E+00   0.9950000000000000E+00   0.1256351280634103E-01  -0.3689788068919551E+00  -0.3856108747383119E+01
   0.1803042354386787E+00   0.9950000000000000E+00   0.1268957486616119E-01  -0.4013657596070633E+00  -0.4194493912280342E+01
   0.1860890997912153E+00   0.9950000000000000E+00   0.1283255730486187E-01  -0.4337751026018771E+00  -0.4533237088839842E+01
   0.1938637308158154E+00   0.9950000000000000E+00   0.1299587308272947E-01  -0.4535805725342381E+00  -0.4740642193497409E+01
   0.2038935232483499E+00   0.9950000000000000E+00   0.1317733078422890E-01  -0.4593050478040440E+00  -0.4801223379690582E+01
   0.2164078200432965E+00   0.9950000000000000E+00   0.1337679266527286E-01  -0.4514228317058204E+00  -0.4719695830908408E+01
   0.2315904039345198E+00   0.9950000000000000E+00   0.1359535806136197E-01  -0.4345499586413289E+00  -0.4544167440410064E+01
   0.2495678346990770E+00   0.9950000000000000E+00   0.1383048014392920E-01  -0.4092657943632879E+00  -0.4280588193993577E+01
   0.2703955409461076E+00   0.9950000000000000E+00   0.1408202583970807E-01  -0.3799141604990588E+00  -0.3974307563304027E+01
   0.2940488295140633E+00   0.9950000000000000E+00   0.1434965699447430E-01  -0.3524161635889840E+00  -0.3687232431289784E+01
   0.3204147861615964E+00   0.9950000000000000E+00   0.1463399708125394E-01  -0.3290677513745710E+00  -0.3443397929023784E+01
   0.3492856219237917E+00   0.9950000000000000E+00   0.1493670009339879E-01  -0.3110648886311554E+00  -0.3255350835914283E+01
   0.3803570991910785E+00   0.9950000000000000E+00   0.1525992073284561E-01  -0.2994653889531388E+00  -0.3134197919945314E+01
   0.4132328317555058E+00   0.9950000000000000E+00   0.1561011305776712E-01  -0.2945666015373641E+00  -0.3083083316487989E+01
   0.4474360966700451E+00   0.9950000000000000E+00   0.1599924015669390E-01  -0.2927406493053162E+00  -0.3064053264358846E+01
   0.4824286439583330E+00   0.9950000000000000E+00   0.1644266706987300E-01  -0.2788667457052747E+00  -0.2918836766105348E+01
   0.5176357335716966E+00   0.9950000000000000E+00   0.1692579507433481E-01  -0.2483637471463571E+00  -0.2599521160223359E+01
   0.5524749851612063E+00   0.9950000000000000E+00   0.1736336436841149E-01  -0.2125735659999069E+00  -0.2224858366075102E+01
   0.5863856483338993E+00   0.9950000000000000E+00   0.1774013744455636E-01  -0.1813231028591309E+00  -0.1897704511178478E+01
   0.6188554331143136E+00   0.9950000000000000E+00   0.1807351632119433E-01  -0.1580051987155583E+00  -0.1653582183425431E+01
   0.6494423254675686E+00   0.9950000000000000E+00   0.1837534739725275E-01  -0.1411910301006292E+00  -0.1477539978159276E+01
   0.6777894812570364E+00   0.9950000000000000E+00   0.1865280468699443E-01  -0.1296055315047520E+00  -0.1356229093436725E+01
   0.7036329096623272E+00   0.9950000000000000E+00   0.1890931374402645E-01  -0.1225263608953218E+00  -0.1282081071692014E+01
   0.7268039679904432E+00   0.9950000000000000E+00   0.1914688850591624E-01  -0.1192828179943421E+00  -0.1248064367371779E+01
   0.7472252035116632E+00   0.9950000000000000E+00   0.1936708503949196E-01  -0.1193381973434691E+00  -0.1248548559338146E+01
   0.7649052600987145E+00   0.9950000000000000E+00   0.1957114468640111E-01  -0.1171351315912803E+00  -0.1225408412985783E+01
   0.7799199192189263E+00   0.9950000000000000E+00   0.1975414457163926E-01  -0.1130397337032308E+00  -0.1182483863224178E+01
   0.7923982362291235E+00   0.9950000000000000E+00   0.1991306182872848E-01  -0.1071044794869217E+00  -0.1120342830963431E+01
   0.8025206103487272E+00   0.9950000000000000E+00   0.2004790853903135E-01  -0.9946520664974115E-01  -0.1040428777224490E+01
   0.8105074589972533E+00   0.9950000000000000E+00   0.2015730831486187E-01  -0.8913276771239619E-01  -0.9324350691387173E+00
   0.8166102323927125E+00   0.9950000000000000E+00   0.2023978398782945E-01  -0.7635321230118194E-01  -0.7989155976133919E+00
   0.8210992919622511E+00   0.9950000000000000E+00   0.2030006502677097E-01  -0.6441768897115978E-01  -0.6742471702046163E+00
   0.8242543571572075E+00   0.9950000000000000E+00   0.2034241222589039E-01  -0.5246100953587548E-01  -0.5494419992916316E+00
   0.8263512588098176E+00   0.9950000000000000E+00   0.2036948073001303E-01  -0.4212260585726014E-01  -0.4416324383373013E+00
   0.8276500847644127E+00   0.9950000000000000E+00   0.2038318522314624E-01  -0.3899565391551583E-01  -0.4092526390357553E+00
   0.8283872016680419E+00   0.9950000000000000E+00   0.2038421038602717E-01  -0.5464875066131897E-01  -0.5729707412991362E+00
