 TITLE = "PROPAN_50_T0"
VARIABLES="I","R","C/R","PITCH","BETA","BETAI","ALPHA","RES","CLI","CDI","CLV","CDV","CFNI","CFTI","CFND","CFTD","CFNV","CFTV"
   1     0.2048170105628489E+00   0.6442409268265186E+00   0.5978471616173189E+02   0.3784932184632724E+02   0.4974554984321736E+02   0.1003916631851453E+02   0.1597948507676238E+06   0.0000000000000000E+00   0.0000000000000000E+00   0.0000000000000000E+00   0.8000000000000000E-02   0.8363011609554035E+00  -0.1026388698101437E+01   0.8376957316203826E+00  -0.1034266208663815E+01   0.8376957316203826E+00  -0.1034266208663815E+01
   2     0.2151791429283925E+00   0.6534111482668442E+00   0.5853432747778539E+02   0.3648808355682292E+02   0.4888263124991156E+02   0.9651696227873828E+01   0.1655919170015854E+06   0.0000000000000000E+00   0.0000000000000000E+00   0.0000000000000000E+00   0.8000000000000000E-02   0.8125622011982508E+00  -0.9845596910140278E+00   0.8139034677002766E+00  -0.9924464523373179E+00   0.8139034677002766E+00  -0.9924464523373179E+00
   3     0.2269768122337529E+00   0.6638016146828288E+00   0.5714937424376545E+02   0.3503793576853928E+02   0.4793326718186015E+02   0.9216107061905298E+01   0.1715922252605921E+06   0.0000000000000000E+00   0.0000000000000000E+00   0.0000000000000000E+00   0.8000000000000000E-02   0.7990464105207707E+00  -0.9547369066272907E+00   0.8003276800116843E+00  -0.9626336368678178E+00   0.8003276800116843E+00  -0.9626336368678178E+00
   4     0.2401660084161170E+00   0.6753542362035795E+00   0.5564949510259467E+02   0.3353192728936821E+02   0.4682795587281230E+02   0.8821539229782374E+01   0.1788907777655556E+06   0.0000000000000000E+00   0.0000000000000000E+00   0.0000000000000000E+00   0.8000000000000000E-02   0.7863645786062413E+00  -0.9228376808691696E+00   0.7875914372513043E+00  -0.9307430472658039E+00   0.7875914372513043E+00  -0.9307430472658039E+00
   5     0.2546975304564175E+00   0.6880063992873027E+00   0.5405549728363422E+02   0.3200036600569518E+02   0.4558198558362405E+02   0.8473511700010171E+01   0.1877313052093032E+06   0.0000000000000000E+00   0.0000000000000000E+00   0.0000000000000000E+00   0.8000000000000000E-02   0.7729643066183951E+00  -0.8866362246067824E+00   0.7741431239412513E+00  -0.8945488973359766E+00   0.7741431239412513E+00  -0.8945488973359766E+00
   6     0.2705171699189698E+00   0.7016900943132696E+00   0.5238874566438880E+02   0.3046982412630114E+02   0.4421947461440793E+02   0.8169271049980871E+01   0.1982037107772957E+06   0.0000000000000000E+00   0.0000000000000000E+00   0.0000000000000000E+00   0.8000000000000000E-02   0.7582555397274322E+00  -0.8459941076448469E+00   0.7593923243281537E+00  -0.8539129283128228E+00   0.7593923243281537E+00  -0.8539129283128228E+00
   7     0.2875659131707918E+00   0.7163234374234215E+00   0.5067037148664774E+02   0.2896257723202686E+02   0.4277141789469608E+02   0.7898953591951660E+01   0.2104980790174301E+06   0.0000000000000000E+00   0.0000000000000000E+00   0.0000000000000000E+00   0.8000000000000000E-02   0.7412214263734885E+00  -0.8009656029626575E+00   0.7423208380221018E+00  -0.8088896987487326E+00   0.7423208380221018E+00  -0.8088896987487326E+00
   8     0.3057801615262467E+00   0.7318577988943737E+00   0.4892069485304687E+02   0.2749644197232306E+02   0.4127513178210469E+02   0.7645563070942174E+01   0.2246241335475247E+06   0.0000000000000000E+00   0.0000000000000000E+00   0.0000000000000000E+00   0.8000000000000000E-02   0.7219388667455797E+00  -0.7541427818169071E+00   0.7230032234522484E+00  -0.7620716622423498E+00   0.7230032234522484E+00  -0.7620716622423498E+00
   9     0.3250919684957800E+00   0.7482989406790037E+00   0.4715898392293437E+02   0.2608493634858457E+02   0.3977528027910332E+02   0.7383703643831048E+01   0.2405296214193307E+06   0.0000000000000000E+00   0.0000000000000000E+00   0.0000000000000000E+00   0.8000000000000000E-02   0.7006825409345845E+00  -0.7073934166271398E+00   0.7017106492164304E+00  -0.7153270786668791E+00   0.7017106492164304E+00  -0.7153270786668791E+00
  10     0.3454292932537197E+00   0.7655132208942791E+00   0.4540294882340775E+02   0.2473766770890230E+02   0.3831288052725743E+02   0.7090068296150314E+01   0.2584517407395982E+06   0.0000000000000000E+00   0.0000000000000000E+00   0.0000000000000000E+00   0.8000000000000000E-02   0.6772991384779204E+00  -0.6585876387603625E+00   0.6782865741830481E+00  -0.6665264655457408E+00   0.6782865741830481E+00  -0.6665264655457408E+00
  11     0.3667162693795985E+00   0.7831756746901262E+00   0.4366824712196478E+02   0.2346085431976764E+02   0.3688800320784068E+02   0.6780243914124100E+01   0.2783663782594439E+06   0.0000000000000000E+00   0.0000000000000000E+00   0.0000000000000000E+00   0.8000000000000000E-02   0.6523640942731730E+00  -0.6081825895371522E+00   0.6533085868978376E+00  -0.6161266397435616E+00   0.6533085868978376E+00  -0.6161266397435616E+00
  12     0.3888734878704891E+00   0.8008898842038116E+00   0.4196833428465106E+02   0.2225790035791290E+02   0.3549437896327536E+02   0.6473955321375698E+01   0.3003828374865209E+06   0.0000000000000000E+00   0.0000000000000000E+00   0.0000000000000000E+00   0.8000000000000000E-02   0.6261934144053399E+00  -0.5561544976503561E+00   0.6270954268749818E+00  -0.5641034833406571E+00   0.6270954268749818E+00  -0.5641034833406571E+00
  13     0.4118182933685992E+00   0.8184685589617809E+00   0.4031411828770439E+02   0.2112996435879052E+02   0.3412635686687899E+02   0.6187761420825396E+01   0.3242940701503940E+06   0.0000000000000000E+00   0.0000000000000000E+00   0.0000000000000000E+00   0.8000000000000000E-02   0.5994256845769094E+00  -0.5061152972164904E+00   0.6002879805698377E+00  -0.5140686892991543E+00   0.6002879805698377E+00  -0.5140686892991543E+00
  14     0.4354650924990786E+00   0.8359447888037461E+00   0.3871432913730624E+02   0.2007648192749194E+02   0.3280482827657450E+02   0.5909500860731733E+01   0.3498076887321955E+06   0.0000000000000000E+00   0.0000000000000000E+00   0.0000000000000000E+00   0.8000000000000000E-02   0.5725352356193075E+00  -0.4609154423699247E+00   0.5733588954456199E+00  -0.4688729284359206E+00   0.5733588954456199E+00  -0.4688729284359206E+00
  15     0.4597256731678153E+00   0.8530246094447557E+00   0.3717638510552503E+02   0.1909562139221061E+02   0.3154386419575698E+02   0.5632520909768044E+01   0.3769725280204932E+06   0.0000000000000000E+00   0.0000000000000000E+00   0.0000000000000000E+00   0.8000000000000000E-02   0.5455405681543642E+00  -0.4187499847614191E+00   0.5463257503307469E+00  -0.4267113595767316E+00   0.5463257503307469E+00  -0.4267113595767316E+00
  16     0.4845095336281100E+00   0.8690814023510278E+00   0.3570628561573324E+02   0.1818466459235420E+02   0.3033107552976316E+02   0.5375210085970078E+01   0.4054557044374446E+06   0.0000000000000000E+00   0.0000000000000000E+00   0.0000000000000000E+00   0.8000000000000000E-02   0.5190166987321785E+00  -0.3796247401692855E+00   0.5197661192048798E+00  -0.3875895608800797E+00   0.5197661192048798E+00  -0.3875895608800797E+00
  17     0.5097242200886770E+00   0.8837673930575919E+00   0.3430764551430811E+02   0.1734031407659043E+02   0.2916613044888633E+02   0.5141515065421778E+01   0.4349991324054191E+06   0.0000000000000000E+00   0.0000000000000000E+00   0.0000000000000000E+00   0.8000000000000000E-02   0.4933081432871772E+00  -0.3437483433792490E+00   0.4940250711232219E+00  -0.3517161545264779E+00   0.4940250711232219E+00  -0.3517161545264779E+00
  18     0.5352756716035594E+00   0.8971736440350349E+00   0.3298169112785506E+02   0.1655893332865399E+02   0.2806450096008932E+02   0.4917190167765739E+01   0.4653201744778975E+06   0.0000000000000000E+00   0.0000000000000000E+00   0.0000000000000000E+00   0.8000000000000000E-02   0.4686021858455838E+00  -0.3116168455511246E+00   0.4692879126280826E+00  -0.3195874025441938E+00   0.4692879126280826E+00  -0.3195874025441938E+00
  19     0.5610685709573793E+00   0.9089700723901072E+00   0.3172946809227143E+02   0.1583672919073652E+02   0.2702597127034364E+02   0.4703496821927793E+01   0.4961134654712197E+06   0.0000000000000000E+00   0.0000000000000000E+00   0.0000000000000000E+00   0.8000000000000000E-02   0.4447487211152021E+00  -0.2827597476530023E+00   0.4454047157896786E+00  -0.2907328067263479E+00   0.4454047157896786E+00  -0.2907328067263479E+00
  20     0.5870067002369777E+00   0.9182519388302128E+00   0.3055223226719216E+02   0.1516988633123819E+02   0.2603465551115272E+02   0.4517576756039439E+01   0.5267798017044697E+06   0.0000000000000000E+00   0.0000000000000000E+00   0.0000000000000000E+00   0.8000000000000000E-02   0.4220279620893889E+00  -0.2568612659026137E+00   0.4226580814383440E+00  -0.2648364116446094E+00   0.4226580814383440E+00  -0.2648364116446094E+00
  21     0.6129932997630223E+00   0.9246521074392433E+00   0.2944966447130808E+02   0.1455466315066068E+02   0.2509159385444353E+02   0.4358070616864545E+01   0.5567334099741488E+06   0.0000000000000000E+00   0.0000000000000000E+00   0.0000000000000000E+00   0.8000000000000000E-02   0.4008128212709429E+00  -0.2337298262384654E+00   0.4014207361403256E+00  -0.2417066952678266E+00   0.4014207361403256E+00  -0.2417066952678266E+00
  22     0.6389314290426207E+00   0.9283858720406211E+00   0.2841945194206775E+02   0.1398745747849365E+02   0.2420752354136757E+02   0.4211928400700174E+01   0.5857222937194889E+06   0.0000000000000000E+00   0.0000000000000000E+00   0.0000000000000000E+00   0.8000000000000000E-02   0.3808296187001716E+00  -0.2131901648946374E+00   0.3814171853106278E+00  -0.2211685585599235E+00   0.3814171853106278E+00  -0.2211685585599235E+00
  23     0.6647243283964405E+00   0.9291780295453163E+00   0.2745861006284780E+02   0.1346484914471509E+02   0.2337850622798222E+02   0.4080103834865582E+01   0.6133340085505398E+06   0.0000000000000000E+00   0.0000000000000000E+00   0.0000000000000000E+00   0.8000000000000000E-02   0.3618466094586150E+00  -0.1950782341898211E+00   0.3624158180597036E+00  -0.2030579585941127E+00   0.3624158180597036E+00  -0.2030579585941127E+00
  24     0.6902757799113231E+00   0.9262820351366752E+00   0.2656425903241092E+02   0.1298362522964553E+02   0.2259069425598443E+02   0.3973564776426493E+01   0.6388680231400233E+06   0.0000000000000000E+00   0.0000000000000000E+00   0.0000000000000000E+00   0.8000000000000000E-02   0.3439626883079718E+00  -0.1791143498950255E+00   0.3445170579763603E+00  -0.1870951189225548E+00   0.3445170579763603E+00  -0.1870951189225548E+00
  25     0.7154904663718901E+00   0.9198986030423639E+00   0.2573368719757207E+02   0.1254079262274057E+02   0.2185205576009994E+02   0.3881631437472130E+01   0.6618402092937761E+06   0.0000000000000000E+00   0.0000000000000000E+00   0.0000000000000000E+00   0.8000000000000000E-02   0.3273510120305754E+00  -0.1645950104982668E+00   0.3278925755320307E+00  -0.1725766587599914E+00   0.3278925755320307E+00  -0.1725766587599914E+00
  26     0.7402743268321846E+00   0.9105559273096541E+00   0.2496396798008742E+02   0.1213358150645913E+02   0.2117004584102508E+02   0.3793922139062342E+01   0.6824072291680272E+06   0.0000000000000000E+00   0.0000000000000000E+00   0.0000000000000000E+00   0.8000000000000000E-02   0.3114321910228922E+00  -0.1517908867543815E+00   0.3119615354593708E+00  -0.1597733546977916E+00   0.3119615354593708E+00  -0.1597733546977916E+00
  27     0.7645349075009213E+00   0.8976052673083702E+00   0.2425146017921787E+02   0.1175944253816533E+02   0.2053348437092473E+02   0.3717975808293140E+01   0.6999545444022099E+06   0.0000000000000000E+00   0.0000000000000000E+00   0.0000000000000000E+00   0.8000000000000000E-02   0.2960499161619654E+00  -0.1409591619230045E+00   0.2965686792672814E+00  -0.1489423245068783E+00   0.2965686792672814E+00  -0.1489423245068783E+00
  28     0.7881817066314007E+00   0.8799446599086883E+00   0.2359241714755650E+02   0.1141603982207122E+02   0.1992280015086626E+02   0.3669616996690245E+01   0.7135439313059004E+06   0.0000000000000000E+00   0.0000000000000000E+00   0.0000000000000000E+00   0.8000000000000000E-02   0.2813381137265433E+00  -0.1318435749269800E+00   0.2818501386951290E+00  -0.1398271725140046E+00   0.2818501386951290E+00  -0.1398271725140046E+00
  29     0.8111265121295108E+00   0.8584553359784306E+00   0.2298377919900463E+02   0.1110124122527203E+02   0.1936194452431228E+02   0.3621834674692355E+01   0.7226600788786055E+06   0.0000000000000000E+00   0.0000000000000000E+00   0.0000000000000000E+00   0.8000000000000000E-02   0.2676658158238580E+00  -0.1232815054667512E+00   0.2681711826233545E+00  -0.1312655272852313E+00   0.2681711826233545E+00  -0.1312655272852313E+00
  30     0.8332837306204015E+00   0.8349460552270431E+00   0.2242319820251470E+02   0.1081310717437386E+02   0.1886982162241151E+02   0.3553376580103190E+01   0.7291154818292226E+06   0.0000000000000000E+00   0.0000000000000000E+00   0.0000000000000000E+00   0.8000000000000000E-02   0.2538711155626701E+00  -0.1150759673433757E+00   0.2543669425415429E+00  -0.1230605872846767E+00   0.2543669425415429E+00  -0.1230605872846767E+00
  31     0.8545707067462803E+00   0.8082661634578606E+00   0.2190821576324926E+02   0.1054987874988377E+02   0.1841320815938187E+02   0.3495007603867393E+01   0.7328684578643496E+06   0.0000000000000000E+00   0.0000000000000000E+00   0.0000000000000000E+00   0.8000000000000000E-02   0.2394158931138723E+00  -0.1082045053938858E+00   0.2399035856584735E+00  -0.1161896263060537E+00   0.2399035856584735E+00  -0.1161896263060537E+00
  32     0.8749080315042199E+00   0.7757261476228926E+00   0.2143623463159419E+02   0.1030996565449213E+02   0.1795185312136088E+02   0.3484381510233309E+01   0.7300740808908108E+06   0.0000000000000000E+00   0.0000000000000000E+00   0.0000000000000000E+00   0.8000000000000000E-02   0.2254807385485474E+00  -0.1028508944170796E+00   0.2259669501616860E+00  -0.1108361056395364E+00   0.2259669501616860E+00  -0.1108361056395364E+00
  33     0.8942198384737533E+00   0.7356974950653394E+00   0.2100492382998815E+02   0.1009193445164884E+02   0.1746241362778239E+02   0.3542510202205758E+01   0.7189114794141714E+06   0.0000000000000000E+00   0.0000000000000000E+00   0.0000000000000000E+00   0.8000000000000000E-02   0.2123691109611946E+00  -0.9891636040330683E-01   0.2128634236154735E+00  -0.1069010742366148E+00   0.2128634236154735E+00  -0.1069010742366148E+00
  34     0.9124340868292081E+00   0.6892239747511176E+00   0.2061234683849467E+02   0.9894497338452849E+01   0.1697282934185011E+02   0.3639517496644562E+01   0.6974462326324171E+06   0.0000000000000000E+00   0.0000000000000000E+00   0.0000000000000000E+00   0.8000000000000000E-02   0.2006826469319687E+00  -0.9529684430627025E-01   0.2011904777638296E+00  -0.1032807097764677E+00   0.2011904777638296E+00  -0.1032807097764677E+00
  35     0.9294828300810303E+00   0.6363510332129478E+00   0.2025665253749182E+02   0.9716501620638095E+01   0.1645977780043605E+02   0.3796874737055774E+01   0.6708310411997384E+06   0.0000000000000000E+00   0.0000000000000000E+00   0.0000000000000000E+00   0.8000000000000000E-02   0.1878402767138322E+00  -0.9436864890800756E-01   0.1883700325065879E+00  -0.1023510895623464E+00   0.1883700325065879E+00  -0.1023510895623464E+00
  36     0.9453024695435825E+00   0.5745791988514414E+00   0.1993606191630175E+02   0.9556919988529305E+01   0.1585871689601943E+02   0.4077345020282324E+01   0.6311336916569007E+06   0.0000000000000000E+00   0.0000000000000000E+00   0.0000000000000000E+00   0.8000000000000000E-02   0.1759285422134232E+00  -0.9746730180486542E-01   0.1764973665869468E+00  -0.1054470536075273E+00   0.1764973665869468E+00  -0.1054470536075273E+00
  37     0.9598339915838829E+00   0.5044544986615433E+00   0.1964915122657496E+02   0.9414841644413540E+01   0.1514390802777191E+02   0.4505243198803058E+01   0.5747409504423145E+06   0.0000000000000000E+00   0.0000000000000000E+00   0.0000000000000000E+00   0.8000000000000000E-02   0.1659540841827171E+00  -0.1032271949775763E+00   0.1665824867777853E+00  -0.1112024761750333E+00   0.1665824867777853E+00  -0.1112024761750333E+00
  38     0.9730231877662470E+00   0.4213993998005913E+00   0.1939463143247500E+02   0.9289464298576643E+01   0.1406081794353653E+02   0.5333813488938471E+01   0.5015729597332048E+06   0.0000000000000000E+00   0.0000000000000000E+00   0.0000000000000000E+00   0.8000000000000000E-02   0.1557270080803580E+00  -0.1292430311690030E+00   0.1564706737198965E+00  -0.1372083912623427E+00   0.1564706737198965E+00  -0.1372083912623427E+00
  39     0.9848208570716075E+00   0.3180438514053432E+00   0.1917139743568877E+02   0.9180087029296496E+01   0.1209728204534058E+02   0.7074115390348195E+01   0.3927230544127071E+06   0.0000000000000000E+00   0.0000000000000000E+00   0.0000000000000000E+00   0.8000000000000000E-02   0.1527908248330848E+00  -0.1841977305413895E+00   0.1537760500866170E+00  -0.1921368319514864E+00   0.1537760500866170E+00  -0.1921368319514864E+00
